<?xml version="1.0"?>
<opencv_storage>
<cam_reprojection_error>7.0567537471389341e-001</cam_reprojection_error>
<cam_reprojection_error2>5.7839939700040433e-001</cam_reprojection_error2>
<proj_reprojection_error>8.5808040378126560e-001</proj_reprojection_error>
<proj_reprojection_error2>8.8377787790793394e-001</proj_reprojection_error2>
<stereo_reprojection_error>8.3063651368470592e-001</stereo_reprojection_error>
<cam_K type_id="opencv-matrix">
  <rows>3</rows>
  <cols>3</cols>
  <dt>d</dt>
  <data>
    1.3684068604441238e+003 0. 7.9187981591976268e+002 0.
    1.3657916913196773e+003 5.8571595834085304e+002 0. 0. 1.</data></cam_K>
<cam_dist type_id="opencv-matrix">
  <rows>1</rows>
  <cols>5</cols>
  <dt>d</dt>
  <data>
    -3.7518546375816092e-001 1.7320082886610991e-001
    8.1160148343417920e-004 1.3612438744525970e-003 0.</data></cam_dist>
<cam_R>
  <_ type_id="opencv-matrix">
    <rows>3</rows>
    <cols>1</cols>
    <dt>d</dt>
    <data>
      1.7689822042868182e-002 -2.2350198687504411e-001
      7.6486662836362518e-003</data></_>
  <_ type_id="opencv-matrix">
    <rows>3</rows>
    <cols>1</cols>
    <dt>d</dt>
    <data>
      1.1662523346923805e-002 -6.7271553438396225e-001
      8.3097605762309634e-003</data></_>
  <_ type_id="opencv-matrix">
    <rows>3</rows>
    <cols>1</cols>
    <dt>d</dt>
    <data>
      -1.3280597596390626e-005 -6.3074078247609511e-001
      7.6225829862661808e-003</data></_>
  <_ type_id="opencv-matrix">
    <rows>3</rows>
    <cols>1</cols>
    <dt>d</dt>
    <data>
      3.1358395874877570e-001 -5.9317611063671789e-002
      -3.0575746276982274e+000</data></_>
  <_ type_id="opencv-matrix">
    <rows>3</rows>
    <cols>1</cols>
    <dt>d</dt>
    <data>
      -1.0046779054535946e+000 8.7674001513407418e-001
      2.5700008209396992e+000</data></_>
  <_ type_id="opencv-matrix">
    <rows>3</rows>
    <cols>1</cols>
    <dt>d</dt>
    <data>
      3.2249426050443987e-002 -5.7271455845467412e-001
      9.5105937746653955e-003</data></_>
  <_ type_id="opencv-matrix">
    <rows>3</rows>
    <cols>1</cols>
    <dt>d</dt>
    <data>
      3.8064235883053660e-002 5.5302294291767351e-001
      1.6056234028340298e-002</data></_>
  <_ type_id="opencv-matrix">
    <rows>3</rows>
    <cols>1</cols>
    <dt>d</dt>
    <data>
      4.9736153466326170e-002 4.1000123921585718e-001
      2.1949030218293010e-002</data></_>
  <_ type_id="opencv-matrix">
    <rows>3</rows>
    <cols>1</cols>
    <dt>d</dt>
    <data>
      -1.0308527345175183e-003 -6.9447797439803366e-002
      5.3583697102812422e-001</data></_>
  <_ type_id="opencv-matrix">
    <rows>3</rows>
    <cols>1</cols>
    <dt>d</dt>
    <data>
      -9.0376082148406797e-002 -6.2153275162594779e-001
      -4.2517820019136615e-001</data></_>
  <_ type_id="opencv-matrix">
    <rows>3</rows>
    <cols>1</cols>
    <dt>d</dt>
    <data>
      2.5068172629054489e-002 -1.6220129567603436e-001
      8.5583566014808803e-003</data></_>
  <_ type_id="opencv-matrix">
    <rows>3</rows>
    <cols>1</cols>
    <dt>d</dt>
    <data>
      8.0360462612337660e-002 9.9315466141564368e-001
      2.9745454880067226e+000</data></_>
  <_ type_id="opencv-matrix">
    <rows>3</rows>
    <cols>1</cols>
    <dt>d</dt>
    <data>
      5.8665562387282440e-002 3.0706364880143044e-001
      -1.1034170203580930e-003</data></_>
  <_ type_id="opencv-matrix">
    <rows>3</rows>
    <cols>1</cols>
    <dt>d</dt>
    <data>
      4.2177995369587565e-002 -4.2560225526865664e-001
      8.3092188716149817e-003</data></_>
  <_ type_id="opencv-matrix">
    <rows>3</rows>
    <cols>1</cols>
    <dt>d</dt>
    <data>
      4.9722815026704822e-002 -3.2524907165135020e-001
      8.4079572950665170e-003</data></_>
  <_ type_id="opencv-matrix">
    <rows>3</rows>
    <cols>1</cols>
    <dt>d</dt>
    <data>
      4.7426029497691716e-002 5.8330500005288843e-001
      2.3250501496894352e-002</data></_>
  <_ type_id="opencv-matrix">
    <rows>3</rows>
    <cols>1</cols>
    <dt>d</dt>
    <data>
      5.8982580294650339e-002 -2.0074056138431950e-001
      1.3167428511532183e-002</data></_>
  <_ type_id="opencv-matrix">
    <rows>3</rows>
    <cols>1</cols>
    <dt>d</dt>
    <data>
      -8.6291383578428460e-001 1.0661922970364664e-001
      5.5785176167654951e-002</data></_>
  <_ type_id="opencv-matrix">
    <rows>3</rows>
    <cols>1</cols>
    <dt>d</dt>
    <data>
      2.1788425320651134e-001 -2.2600664004368476e-001
      2.7451556817984356e-002</data></_>
  <_ type_id="opencv-matrix">
    <rows>3</rows>
    <cols>1</cols>
    <dt>d</dt>
    <data>
      1.4074987832589012e-002 -2.2536420185974443e-001
      3.7651984172185227e-003</data></_></cam_R>
