<?xml version="1.0"?>
<opencv_storage>
<world>
  0. 0. 0. 24. 0. 0. 48. 0. 0. 72. 0. 0. 96. 0. 0. 120. 0. 0. 144. 0. 0.
  168. 0. 0. 192. 0. 0. 216. 0. 0. 0. 24. 0. 24. 24. 0. 48. 24. 0. 72.
  24. 0. 96. 24. 0. 120. 24. 0. 144. 24. 0. 168. 24. 0. 192. 24. 0. 216.
  24. 0. 0. 48. 0. 24. 48. 0. 48. 48. 0. 72. 48. 0. 96. 48. 0. 120. 48.
  0. 144. 48. 0. 168. 48. 0. 192. 48. 0. 216. 48. 0. 0. 72. 0. 24. 72.
  0. 48. 72. 0. 72. 72. 0. 96. 72. 0. 120. 72. 0. 144. 72. 0. 168. 72.
  0. 192. 72. 0. 216. 72. 0. 0. 96. 0. 24. 96. 0. 48. 96. 0. 72. 96. 0.
  96. 96. 0. 120. 96. 0. 144. 96. 0. 168. 96. 0. 192. 96. 0. 216. 96. 0.
  0. 120. 0. 24. 120. 0. 48. 120. 0. 72. 120. 0. 96. 120. 0. 120. 120.
  0. 144. 120. 0. 168. 120. 0. 192. 120. 0. 216. 120. 0. 0. 144. 0. 24.
  144. 0. 48. 144. 0. 72. 144. 0. 96. 144. 0. 120. 144. 0. 144. 144. 0.
  168. 144. 0. 192. 144. 0. 216. 144. 0.</world>
<camera>
  6.72186951e+002 3.16721863e+002 7.03570984e+002 3.35245972e+002
  7.35159546e+002 3.53853668e+002 7.66590088e+002 3.72694672e+002
  7.98255676e+002 3.91602661e+002 8.29725159e+002 4.10650848e+002
  8.61298645e+002 4.29706818e+002 8.92547485e+002 4.48715332e+002
  9.23787415e+002 4.67759735e+002 9.54651978e+002 4.86803650e+002
  6.52801636e+002 3.47708923e+002 6.84408813e+002 3.66062164e+002
  7.15957092e+002 3.84782776e+002 7.47603821e+002 4.03697906e+002
  7.79311584e+002 4.22669983e+002 8.11195068e+002 4.41679474e+002
  8.42749817e+002 4.60758209e+002 8.74237488e+002 4.79896240e+002
  9.05562988e+002 4.98945953e+002 9.36522644e+002 5.17934448e+002
  6.33510193e+002 3.79026001e+002 6.64986938e+002 3.97393311e+002
  6.96738525e+002 4.16014038e+002 7.28578796e+002 4.34942657e+002
  7.60424255e+002 4.54085327e+002 7.92431335e+002 4.73077545e+002
  8.24349915e+002 4.92137421e+002 8.55979126e+002 5.11288055e+002
  8.87450195e+002 5.30354675e+002 9.18546936e+002 5.49406738e+002
  6.14201477e+002 4.10534363e+002 6.45749146e+002 4.29009308e+002
  6.77546692e+002 4.47718231e+002 7.09505432e+002 4.66599335e+002
  7.41490112e+002 4.85658691e+002 7.73503906e+002 5.04716003e+002
  8.05465027e+002 5.24002075e+002 8.37022339e+002 5.42990112e+002
  8.68696289e+002 5.62075867e+002 8.99966675e+002 5.80882813e+002
  5.95016479e+002 4.42329742e+002 6.26540771e+002 4.60948151e+002
  6.58350220e+002 4.79657501e+002 6.90281311e+002 4.98642853e+002
  7.22324341e+002 5.17681580e+002 7.54373230e+002 5.36875366e+002
  7.86319885e+002 5.55932861e+002 8.17973694e+002 5.74830444e+002
  8.49647278e+002 5.93757141e+002 8.81196716e+002 6.12496887e+002
  5.75727783e+002 4.74109924e+002 6.07363037e+002 4.92740875e+002
  6.39145752e+002 5.11715332e+002 6.71141174e+002 5.30744324e+002
  7.03180725e+002 5.49846680e+002 7.35332520e+002 5.68993652e+002
  7.67262756e+002 5.87958374e+002 7.99125793e+002 6.06839172e+002
  8.31179993e+002 6.25765076e+002 8.62726563e+002 6.44359619e+002
  5.56714661e+002 5.06103455e+002 5.88341003e+002 5.24992432e+002
  6.20152649e+002 5.43840637e+002 6.52061279e+002 5.63019470e+002
  6.84100952e+002 5.82011230e+002 7.16274719e+002 6.01140564e+002
  7.48347778e+002 6.20106750e+002 7.80291687e+002 6.38920532e+002
  8.12312256e+002 6.57707642e+002 8.43958496e+002 6.76368347e+002</camera>
<projector>
  5.04521149e+002 2.41225861e+002 5.37041138e+002 2.59513611e+002
  5.69101563e+002 2.79000793e+002 6.02097290e+002 2.98386871e+002
  6.34338440e+002 3.17786346e+002 6.67760315e+002 3.37242523e+002
  7.00464783e+002 3.56730560e+002 7.34444275e+002 3.76351044e+002
  7.67797180e+002 3.96072693e+002 8.01645142e+002 4.16063293e+002
  4.84619904e+002 2.74834778e+002 5.15848083e+002 2.93066559e+002
  5.48673157e+002 3.12527191e+002 5.81555054e+002 3.31922699e+002
  6.13384766e+002 3.51380890e+002 6.46458008e+002 3.70699219e+002
  6.79974976e+002 3.90362061e+002 7.12824585e+002 4.09999969e+002
  7.46999023e+002 4.29860321e+002 7.80771545e+002 4.50002625e+002
  4.64884521e+002 3.08055756e+002 4.95852081e+002 3.26300629e+002
  5.28156128e+002 3.45573608e+002 5.60743835e+002 3.64833588e+002
  5.92496521e+002 3.84328766e+002 6.25221375e+002 4.03762451e+002
  6.58358215e+002 4.23350372e+002 6.92082886e+002 4.43219727e+002
  7.25128662e+002 4.63192871e+002 7.59881348e+002 4.83575287e+002
  4.43991577e+002 3.42220459e+002 4.76022064e+002 3.60268463e+002
  5.08014709e+002 3.79553070e+002 5.40222900e+002 3.98863922e+002
  5.71648560e+002 4.18224091e+002 6.05458618e+002 4.37686768e+002
  6.37636597e+002 4.57567322e+002 6.71395874e+002 4.77601563e+002
  7.05057678e+002 4.97722229e+002 7.38448853e+002 5.18138428e+002
  4.24486115e+002 3.74862823e+002 4.56478058e+002 3.94046265e+002
  4.87287231e+002 4.13328186e+002 5.19283203e+002 4.32617401e+002
  5.51399719e+002 4.52006714e+002 5.84189392e+002 4.71664368e+002
  6.17506653e+002 4.91791321e+002 6.50991577e+002 5.11926880e+002
  6.84581177e+002 5.32082458e+002 7.17497498e+002 5.51550781e+002
  4.04547974e+002 4.08224701e+002 4.35227325e+002 4.27441681e+002
  4.67157928e+002 4.46748230e+002 4.99371094e+002 4.66272186e+002
  5.31875183e+002 4.85742523e+002 5.64189758e+002 5.05601013e+002
  5.97279968e+002 5.25669006e+002 6.30392273e+002 5.45841431e+002
  6.63420410e+002 5.66049988e+002 6.97182190e+002 5.85611694e+002
  3.84870972e+002 4.41561737e+002 4.15708221e+002 4.60831146e+002
  4.47613068e+002 4.80236572e+002 4.79766815e+002 4.99760590e+002
  5.11842804e+002 5.19479492e+002 5.44197693e+002 5.39457642e+002
  5.76958130e+002 5.59518066e+002 6.09712524e+002 5.79727173e+002
  6.42659546e+002 6.00062927e+002 6.76211426e+002 6.19758301e+002</projector>
</opencv_storage>
