<?xml version="1.0"?>
<opencv_storage>
<world>
  0. 0. 0. 24. 0. 0. 48. 0. 0. 72. 0. 0. 96. 0. 0. 120. 0. 0. 144. 0. 0.
  168. 0. 0. 192. 0. 0. 216. 0. 0. 0. 24. 0. 24. 24. 0. 48. 24. 0. 72.
  24. 0. 96. 24. 0. 120. 24. 0. 144. 24. 0. 168. 24. 0. 192. 24. 0. 216.
  24. 0. 0. 48. 0. 24. 48. 0. 48. 48. 0. 72. 48. 0. 96. 48. 0. 120. 48.
  0. 144. 48. 0. 168. 48. 0. 192. 48. 0. 216. 48. 0. 0. 72. 0. 24. 72.
  0. 48. 72. 0. 72. 72. 0. 96. 72. 0. 120. 72. 0. 144. 72. 0. 168. 72.
  0. 192. 72. 0. 216. 72. 0. 0. 96. 0. 24. 96. 0. 48. 96. 0. 72. 96. 0.
  96. 96. 0. 120. 96. 0. 144. 96. 0. 168. 96. 0. 192. 96. 0. 216. 96. 0.
  0. 120. 0. 24. 120. 0. 48. 120. 0. 72. 120. 0. 96. 120. 0. 120. 120.
  0. 144. 120. 0. 168. 120. 0. 192. 120. 0. 216. 120. 0. 0. 144. 0. 24.
  144. 0. 48. 144. 0. 72. 144. 0. 96. 144. 0. 120. 144. 0. 144. 144. 0.
  168. 144. 0. 192. 144. 0. 216. 144. 0.</world>
<camera>
  7.33463989e+002 2.43090485e+002 7.63904846e+002 2.40710617e+002
  7.95196716e+002 2.38415756e+002 8.26781555e+002 2.36401932e+002
  8.58797302e+002 2.34358459e+002 8.91528809e+002 2.32618225e+002
  9.24547546e+002 2.30871552e+002 9.57932312e+002 2.29247147e+002
  9.91707031e+002 2.27611420e+002 1.02583069e+003 2.26415527e+002
  7.32883484e+002 2.74997864e+002 7.63150146e+002 2.72583740e+002
  7.94474548e+002 2.70680634e+002 8.26377869e+002 2.68992249e+002
  8.58497803e+002 2.67235107e+002 8.91088867e+002 2.65390594e+002
  9.24423950e+002 2.63776306e+002 9.57992737e+002 2.62591553e+002
  9.92025085e+002 2.61282104e+002 1.02640771e+003 2.60316559e+002
  7.32505005e+002 3.07245758e+002 7.62450500e+002 3.05175018e+002
  7.93484375e+002 3.03237274e+002 8.25378723e+002 3.01558411e+002
  8.57718445e+002 3.00127808e+002 8.90502869e+002 2.98546417e+002
  9.23693054e+002 2.97212494e+002 9.57462219e+002 2.95963623e+002
  9.91798096e+002 2.95129730e+002 1.02649939e+003 2.94332520e+002
  7.32209412e+002 3.39582153e+002 7.62392517e+002 3.37762390e+002
  7.93365845e+002 3.36300690e+002 8.24742798e+002 3.34751099e+002
  8.57200256e+002 3.33469208e+002 8.90249329e+002 3.32248901e+002
  9.23817017e+002 3.31311890e+002 9.57890991e+002 3.30470551e+002
  9.92237000e+002 3.29463623e+002 1.02661206e+003 3.28895386e+002
  7.31987732e+002 3.72484070e+002 7.62412598e+002 3.71124908e+002
  7.93201477e+002 3.69589081e+002 8.24768799e+002 3.68494812e+002
  8.57038086e+002 3.67422699e+002 8.90443787e+002 3.66572571e+002
  9.24390137e+002 3.65695831e+002 9.58370850e+002 3.65141602e+002
  9.92753296e+002 3.64512451e+002 1.02730139e+003 3.63858215e+002
  7.31381592e+002 4.05330872e+002 7.61463501e+002 4.04156311e+002
  7.92745361e+002 4.03290253e+002 8.24908569e+002 4.02376770e+002
  8.57511597e+002 4.01569183e+002 8.90605042e+002 4.01011414e+002
  9.24568237e+002 4.00470673e+002 9.58577087e+002 3.99854492e+002
  9.92564209e+002 3.99394531e+002 1.02722595e+003 3.98950836e+002
  7.31210876e+002 4.38338806e+002 7.61776978e+002 4.37590698e+002
  7.93176270e+002 4.37001495e+002 8.25251038e+002 4.36461670e+002
  8.57664917e+002 4.35875641e+002 8.91044434e+002 4.35562378e+002
  9.24657227e+002 4.35297272e+002 9.58530762e+002 4.34911285e+002
  9.92778687e+002 4.34567108e+002 1.02746558e+003 4.34414886e+002</camera>
<projector>
  6.06715881e+002 1.69384750e+002 6.36455566e+002 1.64611435e+002
  6.66209045e+002 1.58451355e+002 6.97478394e+002 1.53189301e+002
  7.28583374e+002 1.47680054e+002 7.60696777e+002 1.43120651e+002
  7.93381226e+002 1.37184814e+002 8.26207825e+002 1.30998016e+002
  8.60413513e+002 1.25629883e+002 8.94963135e+002 1.18938026e+002
  6.06459656e+002 2.05858978e+002 6.34939636e+002 2.01001373e+002
  6.64642944e+002 1.96039352e+002 6.95837097e+002 1.90895798e+002
  7.26576904e+002 1.85538269e+002 7.58747620e+002 1.79949234e+002
  7.91160034e+002 1.75343842e+002 8.24791443e+002 1.70349655e+002
  8.58926392e+002 1.64132751e+002 8.93521973e+002 1.58841492e+002
  6.06365723e+002 2.41818207e+002 6.33502808e+002 2.37026321e+002
  6.63062927e+002 2.32236649e+002 6.93679626e+002 2.28109680e+002
  7.25696411e+002 2.22867691e+002 7.57432007e+002 2.18483612e+002
  7.89662659e+002 2.12836639e+002 8.22359863e+002 2.08207748e+002
  8.57413574e+002 2.03256638e+002 8.92094360e+002 1.98165054e+002
  6.05301331e+002 2.78799377e+002 6.33476929e+002 2.73992615e+002
  6.62788635e+002 2.69082489e+002 6.93066528e+002 2.65189148e+002
  7.23566895e+002 2.59855896e+002 7.55583496e+002 2.55711746e+002
  7.88971863e+002 2.51335541e+002 8.22944458e+002 2.46891602e+002
  8.56639160e+002 2.42150970e+002 8.92267456e+002 2.38319687e+002
  6.05094604e+002 3.14211731e+002 6.33348450e+002 3.10698975e+002
  6.62470154e+002 3.06890228e+002 6.92636536e+002 3.01816132e+002
  7.23168579e+002 2.97993713e+002 7.55147095e+002 2.94911011e+002
  7.88976257e+002 2.90847168e+002 8.22530090e+002 2.86541016e+002
  8.57391357e+002 2.83032806e+002 8.91541077e+002 2.78326324e+002
  6.03758911e+002 3.50526672e+002 6.31878296e+002 3.47011383e+002
  6.62097473e+002 3.43281586e+002 6.92496765e+002 3.39570435e+002
  7.24213257e+002 3.36790741e+002 7.55999146e+002 3.32929047e+002
  7.89501343e+002 3.28867432e+002 8.22979248e+002 3.25691071e+002
  8.56249146e+002 3.21117767e+002 8.90376282e+002 3.17820984e+002
  6.03454041e+002 3.86803497e+002 6.32660034e+002 3.84273621e+002
  6.62082642e+002 3.80721863e+002 6.92491211e+002 3.77148010e+002
  7.24069763e+002 3.74533844e+002 7.55996765e+002 3.71786255e+002
  7.88976563e+002 3.67825897e+002 8.22408081e+002 3.64728607e+002
  8.55788940e+002 3.61535156e+002 8.89831848e+002 3.57191986e+002</projector>
</opencv_storage>
