<?xml version="1.0"?>
<opencv_storage>
<world>
  0. 0. 0. 24. 0. 0. 48. 0. 0. 72. 0. 0. 96. 0. 0. 120. 0. 0. 144. 0. 0.
  168. 0. 0. 192. 0. 0. 216. 0. 0. 0. 24. 0. 24. 24. 0. 48. 24. 0. 72.
  24. 0. 96. 24. 0. 120. 24. 0. 144. 24. 0. 168. 24. 0. 192. 24. 0. 216.
  24. 0. 0. 48. 0. 24. 48. 0. 48. 48. 0. 72. 48. 0. 96. 48. 0. 120. 48.
  0. 144. 48. 0. 168. 48. 0. 192. 48. 0. 216. 48. 0. 0. 72. 0. 24. 72.
  0. 48. 72. 0. 72. 72. 0. 96. 72. 0. 120. 72. 0. 144. 72. 0. 168. 72.
  0. 192. 72. 0. 216. 72. 0. 0. 96. 0. 24. 96. 0. 48. 96. 0. 72. 96. 0.
  96. 96. 0. 120. 96. 0. 144. 96. 0. 168. 96. 0. 192. 96. 0. 216. 96. 0.
  0. 120. 0. 24. 120. 0. 48. 120. 0. 72. 120. 0. 96. 120. 0. 120. 120.
  0. 144. 120. 0. 168. 120. 0. 192. 120. 0. 216. 120. 0. 0. 144. 0. 24.
  144. 0. 48. 144. 0. 72. 144. 0. 96. 144. 0. 120. 144. 0. 144. 144. 0.
  168. 144. 0. 192. 144. 0. 216. 144. 0.</world>
<camera>
  1.02863904e+003 4.84392395e+002 1.07190540e+003 4.86097504e+002
  1.11322937e+003 4.87616547e+002 1.15302917e+003 4.89510590e+002
  1.19181934e+003 4.91358673e+002 1.22868384e+003 4.93264984e+002
  1.26456604e+003 4.94926727e+002 1.29892468e+003 4.96639191e+002
  1.33226245e+003 4.98448334e+002 1.36378992e+003 5.00057617e+002
  1.02853027e+003 5.33434692e+002 1.07249036e+003 5.34417358e+002
  1.11362598e+003 5.35345581e+002 1.15347778e+003 5.36424194e+002
  1.19243066e+003 5.37415894e+002 1.23004468e+003 5.38505371e+002
  1.26572400e+003 5.39411194e+002 1.29971960e+003 5.40476685e+002
  1.33266736e+003 5.41387512e+002 1.36391956e+003 5.42490906e+002
  1.02820862e+003 5.82570068e+002 1.07247412e+003 5.82751648e+002
  1.11447192e+003 5.82954346e+002 1.15457727e+003 5.83345093e+002
  1.19321582e+003 5.83521118e+002 1.23119958e+003 5.83725647e+002
  1.26733679e+003 5.84089600e+002 1.30147510e+003 5.84373230e+002
  1.33427234e+003 5.84635010e+002 1.36493250e+003 5.84788086e+002
  1.02736255e+003 6.31524902e+002 1.07156226e+003 6.31274841e+002
  1.11360840e+003 6.30621582e+002 1.15460400e+003 6.30419067e+002
  1.19373596e+003 6.29731384e+002 1.23119202e+003 6.29453796e+002
  1.26653442e+003 6.28733459e+002 1.29998767e+003 6.28258301e+002
  1.33308191e+003 6.27712646e+002 1.36441052e+003 6.27222168e+002
  1.02632813e+003 6.80557495e+002 1.07003125e+003 6.79316467e+002
  1.11254810e+003 6.78368896e+002 1.15343652e+003 6.77238586e+002
  1.19261987e+003 6.76088928e+002 1.22956470e+003 6.74668640e+002
  1.26423010e+003 6.73252869e+002 1.29770935e+003 6.71786316e+002
  1.33030432e+003 6.70600769e+002 1.36194214e+003 6.69292358e+002
  1.02556274e+003 7.29045044e+002 1.06962158e+003 7.27413391e+002
  1.11150256e+003 7.25501038e+002 1.15142285e+003 7.23557617e+002
  1.19009680e+003 7.21498901e+002 1.22730920e+003 7.19724670e+002
  1.26207153e+003 7.17394104e+002 1.29618018e+003 7.15335083e+002
  1.33020996e+003 7.13458130e+002 1.36179602e+003 7.11461609e+002
  1.02434644e+003 7.77055237e+002 1.06746375e+003 7.74655273e+002
  1.10907312e+003 7.72236633e+002 1.14897229e+003 7.69528259e+002
  1.18762585e+003 7.66802490e+002 1.22451343e+003 7.64216614e+002
  1.26012817e+003 7.61261536e+002 1.29445520e+003 7.58639709e+002
  1.32795313e+003 7.56083435e+002 1.35973389e+003 7.53257935e+002</camera>
<projector>
  7.29734192e+002 3.48895691e+002 7.78259521e+002 3.51384216e+002
  8.27247620e+002 3.53268280e+002 8.76122681e+002 3.56731018e+002
  9.24617432e+002 3.57601135e+002 9.73453369e+002 3.60310364e+002
  1.02196722e+003 3.62364105e+002 1.06914185e+003 3.64157074e+002
  1.11732837e+003 3.65369659e+002 1.16580408e+003 3.67883820e+002
  7.28510559e+002 3.97621521e+002 7.76706116e+002 3.99770081e+002
  8.26744568e+002 4.02275848e+002 8.73870972e+002 4.03526215e+002
  9.22827637e+002 4.05056488e+002 9.72334961e+002 4.08218811e+002
  1.02113055e+003 4.09988983e+002 1.06900745e+003 4.11384521e+002
  1.11727136e+003 4.13757751e+002 1.16399438e+003 4.16060883e+002
  7.26292542e+002 4.48020264e+002 7.75601929e+002 4.48833740e+002
  8.24615173e+002 4.50644501e+002 8.74188232e+002 4.51771149e+002
  9.21737427e+002 4.55365509e+002 9.71782837e+002 4.57120911e+002
  1.01998065e+003 4.57706482e+002 1.06806665e+003 4.59564423e+002
  1.11670349e+003 4.62699860e+002 1.16331799e+003 4.64714081e+002
  7.24585571e+002 4.97782288e+002 7.74923706e+002 4.97723694e+002
  8.23660889e+002 5.00050140e+002 8.73195251e+002 5.00737091e+002
  9.22200378e+002 5.03006714e+002 9.70117249e+002 5.04078552e+002
  1.01971307e+003 5.06939423e+002 1.06634021e+003 5.09517883e+002
  1.11456738e+003 5.11073090e+002 1.16122534e+003 5.13127258e+002
  7.23109985e+002 5.46955444e+002 7.72976501e+002 5.46725159e+002
  8.23187927e+002 5.48636475e+002 8.70987915e+002 5.50030029e+002
  9.21011902e+002 5.52282104e+002 9.69673645e+002 5.54061646e+002
  1.01660480e+003 5.56047729e+002 1.06519397e+003 5.57780945e+002
  1.11179675e+003 5.60266479e+002 1.16048169e+003 5.61237793e+002
  7.22656128e+002 5.95055481e+002 7.72726501e+002 5.96080444e+002
  8.21685974e+002 5.98507568e+002 8.69576416e+002 6.00242798e+002
  9.18774353e+002 6.00613708e+002 9.67403931e+002 6.04094177e+002
  1.01560223e+003 6.04664978e+002 1.06362219e+003 6.06245178e+002
  1.11267627e+003 6.07881592e+002 1.16096948e+003 6.09503601e+002
  7.21247070e+002 6.44241943e+002 7.69887146e+002 6.46538940e+002
  8.19203247e+002 6.46725220e+002 8.68579407e+002 6.49712341e+002
  9.17784302e+002 6.50316895e+002 9.66447327e+002 6.51893677e+002
  1.01388971e+003 6.53214661e+002 1.06243335e+003 6.56356445e+002
  1.11004456e+003 6.57268494e+002 1.15858167e+003 6.58214844e+002</projector>
</opencv_storage>
