<?xml version="1.0"?>
<opencv_storage>
<world>
  0. 0. 0. 24. 0. 0. 48. 0. 0. 72. 0. 0. 96. 0. 0. 120. 0. 0. 144. 0. 0.
  168. 0. 0. 192. 0. 0. 216. 0. 0. 0. 24. 0. 24. 24. 0. 48. 24. 0. 72.
  24. 0. 96. 24. 0. 120. 24. 0. 144. 24. 0. 168. 24. 0. 192. 24. 0. 216.
  24. 0. 0. 48. 0. 24. 48. 0. 48. 48. 0. 72. 48. 0. 96. 48. 0. 120. 48.
  0. 144. 48. 0. 168. 48. 0. 192. 48. 0. 216. 48. 0. 0. 72. 0. 24. 72.
  0. 48. 72. 0. 72. 72. 0. 96. 72. 0. 120. 72. 0. 144. 72. 0. 168. 72.
  0. 192. 72. 0. 216. 72. 0. 0. 96. 0. 24. 96. 0. 48. 96. 0. 72. 96. 0.
  96. 96. 0. 120. 96. 0. 144. 96. 0. 168. 96. 0. 192. 96. 0. 216. 96. 0.
  0. 120. 0. 24. 120. 0. 48. 120. 0. 72. 120. 0. 96. 120. 0. 120. 120.
  0. 144. 120. 0. 168. 120. 0. 192. 120. 0. 216. 120. 0. 0. 144. 0. 24.
  144. 0. 48. 144. 0. 72. 144. 0. 96. 144. 0. 120. 144. 0. 144. 144. 0.
  168. 144. 0. 192. 144. 0. 216. 144. 0.</world>
<camera>
  9.06026123e+002 3.79375977e+002 9.35771484e+002 3.78036102e+002
  9.66406738e+002 3.76767975e+002 9.97377686e+002 3.75556580e+002
  1.02865723e+003 3.74427765e+002 1.06065735e+003 3.73402649e+002
  1.09298328e+003 3.72347382e+002 1.12568945e+003 3.71384277e+002
  1.15873425e+003 3.70461029e+002 1.19233960e+003 3.69617859e+002
  9.06080261e+002 4.11566650e+002 9.35512939e+002 4.10519257e+002
  9.66254883e+002 4.09448700e+002 9.97297607e+002 4.08675995e+002
  1.02865247e+003 4.07724670e+002 1.06052039e+003 4.06953857e+002
  1.09298035e+003 4.06243408e+002 1.12594873e+003 4.05481537e+002
  1.15913391e+003 4.04944092e+002 1.19269043e+003 4.04474518e+002
  9.06216980e+002 4.44185822e+002 9.35355225e+002 4.43380615e+002
  9.65542847e+002 4.42498840e+002 9.96664612e+002 4.41825989e+002
  1.02838647e+003 4.41358093e+002 1.06020715e+003 4.40776337e+002
  1.09254883e+003 4.40234589e+002 1.12547388e+003 4.39712524e+002
  1.15889526e+003 4.39491150e+002 1.19270605e+003 4.39389923e+002
  9.06332581e+002 4.76654541e+002 9.35499390e+002 4.76162018e+002
  9.65746887e+002 4.75608154e+002 9.96453369e+002 4.75346313e+002
  1.02783032e+003 4.75121368e+002 1.05996887e+003 4.74778931e+002
  1.09267993e+003 4.74634613e+002 1.12598108e+003 4.74529694e+002
  1.15924048e+003 4.74427460e+002 1.19286670e+003 4.74371643e+002
  9.06526367e+002 5.09241821e+002 9.36030762e+002 5.09152069e+002
  9.65879700e+002 5.08991180e+002 9.96580872e+002 5.09004150e+002
  1.02794006e+003 5.09014252e+002 1.06034900e+003 5.09105194e+002
  1.09327246e+003 5.09140625e+002 1.12637268e+003 5.09185699e+002
  1.15991711e+003 5.09321991e+002 1.19340076e+003 5.09463104e+002
  9.06235413e+002 5.41707458e+002 9.35345398e+002 5.42026062e+002
  9.65632813e+002 5.42350891e+002 9.96788025e+002 5.42574036e+002
  1.02849426e+003 5.42902710e+002 1.06053406e+003 5.43282043e+002
  1.09344678e+003 5.43514221e+002 1.12647034e+003 5.43847290e+002
  1.15938403e+003 5.44372437e+002 1.19284558e+003 5.44610596e+002
  9.06240356e+002 5.74459045e+002 9.35892334e+002 5.74946411e+002
  9.66233337e+002 5.75436707e+002 9.97238342e+002 5.76173218e+002
  1.02865454e+003 5.76674072e+002 1.06081653e+003 5.77403198e+002
  1.09341528e+003 5.77990295e+002 1.12629797e+003 5.78656189e+002
  1.15940027e+003 5.79296265e+002 1.19279407e+003 5.79849915e+002</camera>
<projector>
  8.00062500e+002 3.17414001e+002 8.28483215e+002 3.12841614e+002
  8.57357971e+002 3.08318665e+002 8.87520386e+002 3.03700195e+002
  9.18679932e+002 2.97527924e+002 9.50198853e+002 2.92376953e+002
  9.82106262e+002 2.87070801e+002 1.01535834e+003 2.81463928e+002
  1.04911133e+003 2.75704102e+002 1.08347485e+003 2.70980774e+002
  7.99478882e+002 3.54771088e+002 8.27715759e+002 3.50276917e+002
  8.56482178e+002 3.44765625e+002 8.86428467e+002 3.41254272e+002
  9.17481812e+002 3.36438965e+002 9.48707397e+002 3.31364899e+002
  9.80588989e+002 3.26330170e+002 1.01395758e+003 3.20987762e+002
  1.04774744e+003 3.16646729e+002 1.08331628e+003 3.10837036e+002
  7.99031433e+002 3.90828156e+002 8.26022400e+002 3.86486420e+002
  8.55449158e+002 3.82010681e+002 8.85208618e+002 3.78643311e+002
  9.15209473e+002 3.73961548e+002 9.46402832e+002 3.70237762e+002
  9.79059937e+002 3.65232513e+002 1.01125085e+003 3.61255219e+002
  1.04626611e+003 3.55988861e+002 1.08187024e+003 3.51742615e+002
  7.98617676e+002 4.27996368e+002 8.25659607e+002 4.23813812e+002
  8.54863220e+002 4.20398682e+002 8.83404968e+002 4.16025543e+002
  9.14247681e+002 4.12494537e+002 9.45220215e+002 4.08912048e+002
  9.78169434e+002 4.05246948e+002 1.01194495e+003 4.01713409e+002
  1.04557654e+003 3.96676605e+002 1.08117285e+003 3.92633087e+002
  7.99248474e+002 4.63855011e+002 8.26327515e+002 4.60877167e+002
  8.54542053e+002 4.57634613e+002 8.83908142e+002 4.54350464e+002
  9.13720764e+002 4.50951843e+002 9.45003967e+002 4.47782440e+002
  9.78386353e+002 4.44493103e+002 1.01196667e+003 4.40992188e+002
  1.04652417e+003 4.37274231e+002 1.08094690e+003 4.33649750e+002
  7.97749268e+002 5.00871643e+002 8.24809998e+002 4.97917175e+002
  8.54118530e+002 4.94791718e+002 8.83780151e+002 4.92792114e+002
  9.13969727e+002 4.89864136e+002 9.46010071e+002 4.86574493e+002
  9.78040466e+002 4.84621399e+002 1.01169647e+003 4.81179840e+002
  1.04495142e+003 4.77685028e+002 1.08012183e+003 4.75176880e+002
  7.97417236e+002 5.36791992e+002 8.25562012e+002 5.34952087e+002
  8.54123901e+002 5.32135498e+002 8.83954285e+002 5.30405090e+002
  9.14954041e+002 5.28439941e+002 9.46144897e+002 5.25470703e+002
  9.77998962e+002 5.23602234e+002 1.01102240e+003 5.21493408e+002
  1.04467297e+003 5.18090637e+002 1.07984094e+003 5.15922546e+002</projector>
</opencv_storage>
