<?xml version="1.0"?>
<opencv_storage>
<world>
  0. 0. 0. 24. 0. 0. 48. 0. 0. 72. 0. 0. 96. 0. 0. 120. 0. 0. 144. 0. 0.
  168. 0. 0. 192. 0. 0. 216. 0. 0. 0. 24. 0. 24. 24. 0. 48. 24. 0. 72.
  24. 0. 96. 24. 0. 120. 24. 0. 144. 24. 0. 168. 24. 0. 192. 24. 0. 216.
  24. 0. 0. 48. 0. 24. 48. 0. 48. 48. 0. 72. 48. 0. 96. 48. 0. 120. 48.
  0. 144. 48. 0. 168. 48. 0. 192. 48. 0. 216. 48. 0. 0. 72. 0. 24. 72.
  0. 48. 72. 0. 72. 72. 0. 96. 72. 0. 120. 72. 0. 144. 72. 0. 168. 72.
  0. 192. 72. 0. 216. 72. 0. 0. 96. 0. 24. 96. 0. 48. 96. 0. 72. 96. 0.
  96. 96. 0. 120. 96. 0. 144. 96. 0. 168. 96. 0. 192. 96. 0. 216. 96. 0.
  0. 120. 0. 24. 120. 0. 48. 120. 0. 72. 120. 0. 96. 120. 0. 120. 120.
  0. 144. 120. 0. 168. 120. 0. 192. 120. 0. 216. 120. 0. 0. 144. 0. 24.
  144. 0. 48. 144. 0. 72. 144. 0. 96. 144. 0. 120. 144. 0. 144. 144. 0.
  168. 144. 0. 192. 144. 0. 216. 144. 0.</world>
<camera>
  5.73047913e+002 2.37486557e+002 6.06337830e+002 2.38650101e+002
  6.39446960e+002 2.39879257e+002 6.72512390e+002 2.41522003e+002
  7.05384399e+002 2.43187149e+002 7.38005432e+002 2.44928207e+002
  7.70450623e+002 2.46769135e+002 8.02513306e+002 2.48711197e+002
  8.34402161e+002 2.50822449e+002 8.65708740e+002 2.53093414e+002
  5.71446899e+002 2.70063202e+002 6.05079529e+002 2.70843109e+002
  6.38350647e+002 2.72134277e+002 6.71404053e+002 2.73566833e+002
  7.04449890e+002 2.75125519e+002 7.37413330e+002 2.76563416e+002
  7.69923218e+002 2.78372131e+002 8.02117310e+002 2.80293945e+002
  8.34052612e+002 2.82185333e+002 8.65357056e+002 2.84365875e+002
  5.70112305e+002 3.03047668e+002 6.03679810e+002 3.03594604e+002
  6.37315674e+002 3.04574585e+002 6.70672607e+002 3.05776123e+002
  7.03722412e+002 3.07330811e+002 7.37028687e+002 3.08590759e+002
  7.69651978e+002 3.10109161e+002 8.02220398e+002 3.11766571e+002
  8.34194275e+002 3.13659271e+002 8.65481812e+002 3.15752594e+002
  5.68885620e+002 3.36258118e+002 6.02560852e+002 3.36816986e+002
  6.36289978e+002 3.37608582e+002 6.69746948e+002 3.38706512e+002
  7.03281128e+002 3.39789703e+002 7.36380066e+002 3.41251160e+002
  7.69174072e+002 3.42689423e+002 8.01236633e+002 3.44341370e+002
  8.33497192e+002 3.45912872e+002 8.65028503e+002 3.47732391e+002
  5.67605469e+002 3.69653687e+002 6.01450806e+002 3.70465485e+002
  6.35293884e+002 3.71200928e+002 6.68823486e+002 3.72031525e+002
  7.02356018e+002 3.73156006e+002 7.35454529e+002 3.74364990e+002
  7.68018555e+002 3.75627350e+002 8.00370361e+002 3.77219513e+002
  8.32477966e+002 3.78686554e+002 8.64286743e+002 3.80177155e+002
  5.66625427e+002 4.03443939e+002 6.00519409e+002 4.03868011e+002
  6.34371277e+002 4.04729034e+002 6.67811829e+002 4.05498962e+002
  7.01338318e+002 4.06618073e+002 7.34576294e+002 4.07643707e+002
  7.67324097e+002 4.08903900e+002 7.99614563e+002 4.10084320e+002
  8.32433533e+002 4.11214661e+002 8.64293396e+002 4.12524933e+002
  5.65602722e+002 4.37367462e+002 5.99508362e+002 4.37929016e+002
  6.33372375e+002 4.38572235e+002 6.66991638e+002 4.39414886e+002
  7.00467529e+002 4.40273712e+002 7.33602478e+002 4.41255463e+002
  7.66617615e+002 4.42177368e+002 7.99278870e+002 4.43188477e+002
  8.31653809e+002 4.44102081e+002 8.63665588e+002 4.45238556e+002</camera>
<projector>
  4.27974945e+002 1.65835724e+002 4.63834717e+002 1.67548141e+002
  5.00038605e+002 1.67973206e+002 5.37510437e+002 1.69441681e+002
  5.72838379e+002 1.69649597e+002 6.09663147e+002 1.70874893e+002
  6.45577515e+002 1.71883820e+002 6.83025146e+002 1.72812775e+002
  7.18576233e+002 1.73604187e+002 7.55854919e+002 1.74381439e+002
  4.26172028e+002 2.02562286e+002 4.62813812e+002 2.03247925e+002
  4.98910431e+002 2.03847321e+002 5.35127136e+002 2.05363464e+002
  5.71387390e+002 2.05673721e+002 6.07901917e+002 2.06934357e+002
  6.44925232e+002 2.07055328e+002 6.81228027e+002 2.08170303e+002
  7.17819092e+002 2.09243790e+002 7.53888428e+002 2.10206558e+002
  4.25465271e+002 2.38886887e+002 4.61841888e+002 2.39604019e+002
  4.97511993e+002 2.40294983e+002 5.34667542e+002 2.40840805e+002
  5.70729431e+002 2.41351105e+002 6.07110229e+002 2.42706070e+002
  6.43931335e+002 2.42968948e+002 6.80143799e+002 2.44224670e+002
  7.16770691e+002 2.45557266e+002 7.52947876e+002 2.46795319e+002
  4.24556274e+002 2.74976135e+002 4.60998627e+002 2.75724976e+002
  4.96496643e+002 2.76528656e+002 5.33243103e+002 2.77131592e+002
  5.69168091e+002 2.77677338e+002 6.05535339e+002 2.78231689e+002
  6.42498718e+002 2.79836090e+002 6.78734009e+002 2.80334961e+002
  7.15174988e+002 2.81753052e+002 7.52329041e+002 2.83206238e+002
  4.23645294e+002 3.11935242e+002 4.58978882e+002 3.11760132e+002
  4.95416992e+002 3.12531433e+002 5.32018677e+002 3.13239410e+002
  5.67913574e+002 3.13944122e+002 6.04383179e+002 3.14712463e+002
  6.41437195e+002 3.16605804e+002 6.77590332e+002 3.17288788e+002
  7.13953857e+002 3.18940430e+002 7.50809875e+002 3.19447205e+002
  4.22485657e+002 3.47395691e+002 4.58738220e+002 3.48368195e+002
  4.94136993e+002 3.49341217e+002 5.30911438e+002 3.49242126e+002
  5.66952332e+002 3.51321594e+002 6.04374817e+002 3.52164825e+002
  6.40189453e+002 3.53178467e+002 6.77273315e+002 3.53926666e+002
  7.13140259e+002 3.54482971e+002 7.49867004e+002 3.56400604e+002
  4.21437225e+002 3.83809692e+002 4.57700287e+002 3.85016266e+002
  4.93098572e+002 3.86121918e+002 5.29882019e+002 3.86238892e+002
  5.65811707e+002 3.87285400e+002 6.03268127e+002 3.88376282e+002
  6.39847839e+002 3.89426636e+002 6.75640320e+002 3.90379486e+002
  7.12760559e+002 3.91192657e+002 7.49363586e+002 3.92069366e+002</projector>
</opencv_storage>
