<?xml version="1.0"?>
<opencv_storage>
<world>
  0. 0. 0. 24. 0. 0. 48. 0. 0. 72. 0. 0. 96. 0. 0. 120. 0. 0. 144. 0. 0.
  168. 0. 0. 192. 0. 0. 216. 0. 0. 0. 24. 0. 24. 24. 0. 48. 24. 0. 72.
  24. 0. 96. 24. 0. 120. 24. 0. 144. 24. 0. 168. 24. 0. 192. 24. 0. 216.
  24. 0. 0. 48. 0. 24. 48. 0. 48. 48. 0. 72. 48. 0. 96. 48. 0. 120. 48.
  0. 144. 48. 0. 168. 48. 0. 192. 48. 0. 216. 48. 0. 0. 72. 0. 24. 72.
  0. 48. 72. 0. 72. 72. 0. 96. 72. 0. 120. 72. 0. 144. 72. 0. 168. 72.
  0. 192. 72. 0. 216. 72. 0. 0. 96. 0. 24. 96. 0. 48. 96. 0. 72. 96. 0.
  96. 96. 0. 120. 96. 0. 144. 96. 0. 168. 96. 0. 192. 96. 0. 216. 96. 0.
  0. 120. 0. 24. 120. 0. 48. 120. 0. 72. 120. 0. 96. 120. 0. 120. 120.
  0. 144. 120. 0. 168. 120. 0. 192. 120. 0. 216. 120. 0. 0. 144. 0. 24.
  144. 0. 48. 144. 0. 72. 144. 0. 96. 144. 0. 120. 144. 0. 144. 144. 0.
  168. 144. 0. 192. 144. 0. 216. 144. 0.</world>
<camera>
  1.14335718e+003 9.05823975e+002 1.10242444e+003 9.07077148e+002
  1.06000671e+003 9.08241028e+002 1.01611633e+003 9.08656921e+002
  9.70998779e+002 9.09307007e+002 9.24708252e+002 9.09440430e+002
  8.77167114e+002 9.09441528e+002 8.28770691e+002 9.08964172e+002
  7.79203308e+002 9.08470276e+002 7.28825378e+002 9.07461914e+002
  1.14760339e+003 8.60322205e+002 1.10726782e+003 8.60948303e+002
  1.06448535e+003 8.61408630e+002 1.02046271e+003 8.61432434e+002
  9.75385620e+002 8.61392761e+002 9.29097473e+002 8.61193054e+002
  8.81379761e+002 8.60545288e+002 8.32582764e+002 8.59572083e+002
  7.82760193e+002 8.58514587e+002 7.31769714e+002 8.56687195e+002
  1.15141541e+003 8.13853333e+002 1.11157324e+003 8.14287354e+002
  1.06939209e+003 8.14268555e+002 1.02553687e+003 8.13556824e+002
  9.80260071e+002 8.12813843e+002 9.33942322e+002 8.12406433e+002
  8.86283875e+002 8.11309204e+002 8.37048767e+002 8.09697693e+002
  7.86694519e+002 8.08156128e+002 7.35393860e+002 8.05796082e+002
  1.15480554e+003 7.67369995e+002 1.11471777e+003 7.66670715e+002
  1.07274487e+003 7.66189148e+002 1.02970789e+003 7.65175537e+002
  9.84610107e+002 7.63812073e+002 9.37828430e+002 7.62531677e+002
  8.89462036e+002 7.60502319e+002 8.39921204e+002 7.58672668e+002
  7.89856506e+002 7.56521240e+002 7.38687561e+002 7.54213928e+002
  1.15803845e+003 7.20531006e+002 1.11763062e+003 7.19046265e+002
  1.07630725e+003 7.17600525e+002 1.03276550e+003 7.15965942e+002
  9.87875183e+002 7.14201843e+002 9.40789185e+002 7.11928589e+002
  8.92189270e+002 7.09600708e+002 8.42742737e+002 7.07280273e+002
  7.92422485e+002 7.04575684e+002 7.41286194e+002 7.01650635e+002
  1.16136206e+003 6.73437744e+002 1.12149365e+003 6.71402283e+002
  1.07945557e+003 6.69226440e+002 1.03541455e+003 6.66683899e+002
  9.90075562e+002 6.64306946e+002 9.43427429e+002 6.61422119e+002
  8.94805603e+002 6.58547791e+002 8.45626770e+002 6.55559448e+002
  7.96199097e+002 6.52556824e+002 7.45079651e+002 6.49417969e+002
  1.16404907e+003 6.26435303e+002 1.12335205e+003 6.23505676e+002
  1.08140881e+003 6.20673767e+002 1.03749585e+003 6.17474792e+002
  9.92498474e+002 6.14340698e+002 9.45576660e+002 6.10967773e+002
  8.97567688e+002 6.07572266e+002 8.48909729e+002 6.04120789e+002
  7.99101074e+002 6.00504395e+002 7.48306152e+002 5.96865051e+002</camera>
<projector>
  8.53240356e+002 7.91078979e+002 8.03390564e+002 7.85778564e+002
  7.53942871e+002 7.81633972e+002 7.04262085e+002 7.77459045e+002
  6.54953308e+002 7.71100464e+002 6.04861145e+002 7.66658936e+002
  5.55186218e+002 7.62289429e+002 5.05510101e+002 7.57414429e+002
  4.55359650e+002 7.52227234e+002 4.05964722e+002 7.47429993e+002
  8.58547424e+002 7.41407166e+002 8.08057800e+002 7.36428894e+002
  7.58495789e+002 7.31892212e+002 7.09075745e+002 7.26406860e+002
  6.59056946e+002 7.22095276e+002 6.09148499e+002 7.17151123e+002
  5.59486389e+002 7.13188538e+002 5.10579346e+002 7.08394165e+002
  4.60763672e+002 7.03660767e+002 4.11216461e+002 6.98586731e+002
  8.61786438e+002 6.92304138e+002 8.14588257e+002 6.86625366e+002
  7.63179810e+002 6.82497498e+002 7.14652771e+002 6.77501587e+002
  6.64306335e+002 6.72157166e+002 6.14754333e+002 6.67617249e+002
  5.64570496e+002 6.62477234e+002 5.15693970e+002 6.58741943e+002
  4.65712433e+002 6.53271118e+002 4.15558380e+002 6.49233521e+002
  8.67194458e+002 6.42876465e+002 8.17897766e+002 6.37630615e+002
  7.69047974e+002 6.32255859e+002 7.19296875e+002 6.27514343e+002
  6.70108704e+002 6.23216736e+002 6.19210022e+002 6.19073303e+002
  5.69141907e+002 6.13928223e+002 5.20365845e+002 6.09229126e+002
  4.70675415e+002 6.04589722e+002 4.21908691e+002 6.00110168e+002
  8.71726807e+002 5.93720215e+002 8.22389160e+002 5.88453308e+002
  7.72672180e+002 5.83837524e+002 7.24325989e+002 5.78316406e+002
  6.74137390e+002 5.73624084e+002 6.24451294e+002 5.68802612e+002
  5.74438965e+002 5.65046082e+002 5.25895264e+002 5.59980408e+002
  4.75456299e+002 5.56266907e+002 4.26394135e+002 5.51563416e+002
  8.76108154e+002 5.44118774e+002 8.26178772e+002 5.38656799e+002
  7.77258911e+002 5.34443115e+002 7.28322327e+002 5.29385681e+002
  6.79263245e+002 5.24596008e+002 6.28836426e+002 5.20053528e+002
  5.79778381e+002 5.15959045e+002 5.30768677e+002 5.11782867e+002
  4.80639069e+002 5.07038269e+002 4.31574219e+002 5.01869659e+002
  8.80854065e+002 4.96193542e+002 8.30660767e+002 4.91554047e+002
  7.81203064e+002 4.86614197e+002 7.32221497e+002 4.80971680e+002
  6.83731262e+002 4.76631561e+002 6.34598877e+002 4.72056030e+002
  5.84544189e+002 4.67893158e+002 5.35321655e+002 4.63049255e+002
  4.85645355e+002 4.57651947e+002 4.36156158e+002 4.53341095e+002</projector>
</opencv_storage>
