<?xml version="1.0"?>
<opencv_storage>
<world>
  0. 0. 0. 24. 0. 0. 48. 0. 0. 72. 0. 0. 96. 0. 0. 120. 0. 0. 144. 0. 0.
  168. 0. 0. 192. 0. 0. 216. 0. 0. 0. 24. 0. 24. 24. 0. 48. 24. 0. 72.
  24. 0. 96. 24. 0. 120. 24. 0. 144. 24. 0. 168. 24. 0. 192. 24. 0. 216.
  24. 0. 0. 48. 0. 24. 48. 0. 48. 48. 0. 72. 48. 0. 96. 48. 0. 120. 48.
  0. 144. 48. 0. 168. 48. 0. 192. 48. 0. 216. 48. 0. 0. 72. 0. 24. 72.
  0. 48. 72. 0. 72. 72. 0. 96. 72. 0. 120. 72. 0. 144. 72. 0. 168. 72.
  0. 192. 72. 0. 216. 72. 0. 0. 96. 0. 24. 96. 0. 48. 96. 0. 72. 96. 0.
  96. 96. 0. 120. 96. 0. 144. 96. 0. 168. 96. 0. 192. 96. 0. 216. 96. 0.
  0. 120. 0. 24. 120. 0. 48. 120. 0. 72. 120. 0. 96. 120. 0. 120. 120.
  0. 144. 120. 0. 168. 120. 0. 192. 120. 0. 216. 120. 0. 0. 144. 0. 24.
  144. 0. 48. 144. 0. 72. 144. 0. 96. 144. 0. 120. 144. 0. 144. 144. 0.
  168. 144. 0. 192. 144. 0. 216. 144. 0.</world>
<camera>
  5.55966003e+002 5.13362122e+002 5.91678833e+002 5.13211182e+002
  6.27751587e+002 5.13459656e+002 6.64293884e+002 5.13727600e+002
  7.01064941e+002 5.13522156e+002 7.38368713e+002 5.13592896e+002
  7.75766418e+002 5.13635742e+002 8.13408936e+002 5.13669556e+002
  8.51236572e+002 5.13685547e+002 8.89179199e+002 5.13982361e+002
  5.48548889e+002 5.36417542e+002 5.84597656e+002 5.35251892e+002
  6.21451599e+002 5.35802185e+002 6.58783447e+002 5.36334473e+002
  6.96386047e+002 5.36261658e+002 7.34429199e+002 5.35626221e+002
  7.72677063e+002 5.35939331e+002 8.11222961e+002 5.36447388e+002
  8.49891907e+002 5.36598694e+002 8.88601624e+002 5.37396790e+002
  5.40732117e+002 5.60404907e+002 5.77490540e+002 5.58685242e+002
  6.14781494e+002 5.58324829e+002 6.52927551e+002 5.58456848e+002
  6.91421326e+002 5.58917358e+002 7.30266052e+002 5.58119263e+002
  7.69348328e+002 5.57866028e+002 8.08811646e+002 5.58441284e+002
  8.48411133e+002 5.59155212e+002 8.88222778e+002 5.60417175e+002
  5.32939331e+002 5.85414551e+002 5.70350037e+002 5.84184204e+002
  6.08452637e+002 5.83568787e+002 6.47010559e+002 5.82612549e+002
  6.86340942e+002 5.82597107e+002 7.25924072e+002 5.82513062e+002
  7.66244629e+002 5.83417969e+002 8.06426086e+002 5.84883789e+002
  8.46927551e+002 5.84944214e+002 8.87338623e+002 5.85756409e+002
  5.24917725e+002 6.11619568e+002 5.63048889e+002 6.11043579e+002
  6.01705505e+002 6.09969055e+002 6.41254578e+002 6.09520386e+002
  6.81111511e+002 6.08876038e+002 7.21818970e+002 6.09821777e+002
  7.62856750e+002 6.11603821e+002 8.03941956e+002 6.12746887e+002
  8.45461243e+002 6.13547729e+002 8.86661011e+002 6.13865906e+002
  5.16322754e+002 6.38134094e+002 5.54910950e+002 6.37056580e+002
  5.94683289e+002 6.37039917e+002 6.35171631e+002 6.37710754e+002
  6.76105164e+002 6.38455933e+002 7.17606445e+002 6.38619934e+002
  7.59501404e+002 6.40504639e+002 8.01521423e+002 6.41189331e+002
  8.43765137e+002 6.40330261e+002 8.86186768e+002 6.40502380e+002
  5.07563232e+002 6.66407837e+002 5.47419006e+002 6.66570557e+002
  5.87826782e+002 6.66767517e+002 6.29052490e+002 6.67601196e+002
  6.70808716e+002 6.68252075e+002 7.13283630e+002 6.69249207e+002
  7.55986450e+002 6.69884644e+002 7.98882019e+002 6.70297424e+002
  8.42313843e+002 6.70033569e+002 8.85466431e+002 6.70255005e+002</camera>
<projector>
  3.87556061e+002 4.51132507e+002 4.22513489e+002 4.49915375e+002
  4.57862915e+002 4.48842529e+002 4.92763519e+002 4.48655792e+002
  5.28815491e+002 4.47334167e+002 5.64988403e+002 4.46035767e+002
  6.02672791e+002 4.44730988e+002 6.39288513e+002 4.43419983e+002
  6.77372131e+002 4.41995850e+002 7.15998291e+002 4.40630432e+002
  3.73414093e+002 4.70880402e+002 4.08231140e+002 4.68681854e+002
  4.42859680e+002 4.68473755e+002 4.79831696e+002 4.67297241e+002
  5.15608032e+002 4.66131653e+002 5.52303040e+002 4.64713165e+002
  5.90474060e+002 4.63480957e+002 6.28068481e+002 4.62167847e+002
  6.66428894e+002 4.61814545e+002 7.06060425e+002 4.60542206e+002
  3.58317474e+002 4.91334381e+002 3.92606171e+002 4.88892151e+002
  4.29216766e+002 4.86860474e+002 4.65628571e+002 4.85552094e+002
  5.01877197e+002 4.85217346e+002 5.39492126e+002 4.82925781e+002
  5.77230164e+002 4.81740601e+002 6.16616638e+002 4.80521027e+002
  6.54828857e+002 4.80340393e+002 6.95069153e+002 4.80157074e+002
  3.43074280e+002 5.12359497e+002 3.78142853e+002 5.10015259e+002
  4.13981323e+002 5.08578583e+002 4.50981659e+002 5.06332855e+002
  4.87997345e+002 5.04916046e+002 5.26052185e+002 5.03660339e+002
  5.65007446e+002 5.02701202e+002 6.03560547e+002 5.03513947e+002
  6.43667114e+002 5.02348389e+002 6.83387085e+002 5.02395905e+002
  3.27329987e+002 5.34768799e+002 3.63132660e+002 5.32482971e+002
  3.99926544e+002 5.30081055e+002 4.36344604e+002 5.28629578e+002
  4.74202972e+002 5.26415100e+002 5.12986328e+002 5.26223022e+002
  5.52249817e+002 5.27245667e+002 5.91741760e+002 5.27266785e+002
  6.31235413e+002 5.26951416e+002 6.72360046e+002 5.26088135e+002
  3.10722168e+002 5.55908447e+002 3.47292664e+002 5.53506042e+002
  3.84604340e+002 5.52056396e+002 4.21790680e+002 5.51712646e+002
  4.60351898e+002 5.50655823e+002 4.99696106e+002 5.50360657e+002
  5.39370667e+002 5.51345947e+002 5.79616638e+002 5.50311401e+002
  6.19889954e+002 5.48256104e+002 6.60229736e+002 5.48131409e+002
  2.94801208e+002 5.78477539e+002 3.30830780e+002 5.77999634e+002
  3.68975311e+002 5.76586914e+002 4.06922577e+002 5.76340149e+002
  4.46160828e+002 5.75164063e+002 4.85273529e+002 5.75036072e+002
  5.25554810e+002 5.74906555e+002 5.66077759e+002 5.73950073e+002
  6.06723022e+002 5.72740540e+002 6.48064148e+002 5.71875488e+002</projector>
</opencv_storage>
