<?xml version="1.0"?>
<opencv_storage>
<world>
  0. 0. 0. 24. 0. 0. 48. 0. 0. 72. 0. 0. 96. 0. 0. 120. 0. 0. 144. 0. 0.
  168. 0. 0. 192. 0. 0. 216. 0. 0. 0. 24. 0. 24. 24. 0. 48. 24. 0. 72.
  24. 0. 96. 24. 0. 120. 24. 0. 144. 24. 0. 168. 24. 0. 192. 24. 0. 216.
  24. 0. 0. 48. 0. 24. 48. 0. 48. 48. 0. 72. 48. 0. 96. 48. 0. 120. 48.
  0. 144. 48. 0. 168. 48. 0. 192. 48. 0. 216. 48. 0. 0. 72. 0. 24. 72.
  0. 48. 72. 0. 72. 72. 0. 96. 72. 0. 120. 72. 0. 144. 72. 0. 168. 72.
  0. 192. 72. 0. 216. 72. 0. 0. 96. 0. 24. 96. 0. 48. 96. 0. 72. 96. 0.
  96. 96. 0. 120. 96. 0. 144. 96. 0. 168. 96. 0. 192. 96. 0. 216. 96. 0.
  0. 120. 0. 24. 120. 0. 48. 120. 0. 72. 120. 0. 96. 120. 0. 120. 120.
  0. 144. 120. 0. 168. 120. 0. 192. 120. 0. 216. 120. 0. 0. 144. 0. 24.
  144. 0. 48. 144. 0. 72. 144. 0. 96. 144. 0. 120. 144. 0. 144. 144. 0.
  168. 144. 0. 192. 144. 0. 216. 144. 0.</world>
<camera>
  9.79356384e+002 7.59167969e+002 9.55979431e+002 7.63069580e+002
  9.31403381e+002 7.67630066e+002 9.05656555e+002 7.72138855e+002
  8.79084290e+002 7.76330017e+002 8.51041504e+002 7.80916687e+002
  8.21972900e+002 7.85618225e+002 7.91663513e+002 7.90418701e+002
  7.59895569e+002 7.95296509e+002 7.26673218e+002 8.00325867e+002
  9.61132751e+002 7.28248901e+002 9.38375305e+002 7.30818726e+002
  9.13468018e+002 7.34691650e+002 8.87478760e+002 7.38506165e+002
  8.60771973e+002 7.41959473e+002 8.33187744e+002 7.45369263e+002
  8.03789307e+002 7.49252930e+002 7.73136108e+002 7.53435608e+002
  7.41109741e+002 7.57448669e+002 7.07463440e+002 7.62055847e+002
  9.43241638e+002 6.97763123e+002 9.20852051e+002 6.99026794e+002
  8.96468689e+002 7.01679016e+002 8.70537903e+002 7.04510742e+002
  8.43486877e+002 7.07519775e+002 8.16029114e+002 7.09675171e+002
  7.86970093e+002 7.12567993e+002 7.56339905e+002 7.15786621e+002
  7.23898193e+002 7.19373962e+002 6.90090149e+002 7.23299377e+002
  9.25585205e+002 6.67797363e+002 9.03112610e+002 6.68516846e+002
  8.78833374e+002 6.70187744e+002 8.53345642e+002 6.71793335e+002
  8.26488586e+002 6.73636902e+002 7.98426147e+002 6.75601257e+002
  7.68610779e+002 6.78387878e+002 7.37253418e+002 6.81691650e+002
  7.05466675e+002 6.83724670e+002 6.71897156e+002 6.86746460e+002
  9.08058716e+002 6.38648499e+002 8.85137024e+002 6.38857056e+002
  8.61238953e+002 6.39337891e+002 8.35351929e+002 6.40649719e+002
  8.08567627e+002 6.41535339e+002 7.79876099e+002 6.43406677e+002
  7.49626099e+002 6.46247925e+002 7.18521484e+002 6.48511597e+002
  6.86307861e+002 6.50566406e+002 6.53207642e+002 6.52371094e+002
  8.91248901e+002 6.09572021e+002 8.68237915e+002 6.09172241e+002
  8.43557739e+002 6.09592896e+002 8.17251282e+002 6.10718750e+002
  7.89893372e+002 6.11555359e+002 7.61844666e+002 6.12379089e+002
  7.31638611e+002 6.14397888e+002 7.00980347e+002 6.15486572e+002
  6.70086853e+002 6.15341553e+002 6.37203857e+002 6.16428528e+002
  8.74092834e+002 5.81506226e+002 8.50233643e+002 5.81422913e+002
  8.25542969e+002 5.81369385e+002 7.99349243e+002 5.81600647e+002
  7.72296753e+002 5.81747681e+002 7.43871582e+002 5.82410400e+002
  7.14411133e+002 5.82711304e+002 6.84164551e+002 5.82800781e+002
  6.52931946e+002 5.82587280e+002 6.20330872e+002 5.82846436e+002</camera>
<projector>
  8.04388123e+002 7.03320984e+002 7.70220581e+002 7.01441711e+002
  7.34081238e+002 7.00342285e+002 6.99085083e+002 6.98571167e+002
  6.61719727e+002 6.96117615e+002 6.23774170e+002 6.94630066e+002
  5.85343323e+002 6.92818726e+002 5.46574280e+002 6.90238647e+002
  5.05914795e+002 6.88076660e+002 4.65105438e+002 6.86069519e+002
  7.90873718e+002 6.72109375e+002 7.56755127e+002 6.69599670e+002
  7.21237549e+002 6.67858154e+002 6.85072937e+002 6.66019775e+002
  6.49630249e+002 6.63486816e+002 6.12156006e+002 6.60398743e+002
  5.74186707e+002 6.58292542e+002 5.34607239e+002 6.55843140e+002
  4.94598175e+002 6.53554504e+002 4.52942169e+002 6.51781555e+002
  7.76974976e+002 6.41821289e+002 7.44926208e+002 6.37925781e+002
  7.09341675e+002 6.35515564e+002 6.74769348e+002 6.33295654e+002
  6.37020630e+002 6.30563965e+002 6.01074341e+002 6.27114502e+002
  5.63524658e+002 6.24433228e+002 5.24347412e+002 6.21633972e+002
  4.84981659e+002 6.18988831e+002 4.43921051e+002 6.17041687e+002
  7.64766296e+002 6.12223633e+002 7.31369629e+002 6.08301941e+002
  6.97723206e+002 6.04396667e+002 6.62069275e+002 6.01447266e+002
  6.25855164e+002 5.98220825e+002 5.89096252e+002 5.95135559e+002
  5.52482117e+002 5.92286987e+002 5.12372925e+002 5.90773865e+002
  4.73023224e+002 5.87427795e+002 4.33499390e+002 5.85208313e+002
  7.50894226e+002 5.83363098e+002 7.18245544e+002 5.78960327e+002
  6.84993835e+002 5.74489441e+002 6.49440613e+002 5.71708069e+002
  6.14980957e+002 5.68204163e+002 5.77811584e+002 5.64637085e+002
  5.40131470e+002 5.63071411e+002 5.01517395e+002 5.61193604e+002
  4.61132538e+002 5.58061829e+002 4.21908905e+002 5.54221008e+002
  7.38205078e+002 5.54630554e+002 7.06325745e+002 5.49645813e+002
  6.73020325e+002 5.46537476e+002 6.37013672e+002 5.43252930e+002
  6.01736755e+002 5.40116699e+002 5.66146729e+002 5.36101868e+002
  5.28594788e+002 5.33785278e+002 4.90256622e+002 5.30205750e+002
  4.52298676e+002 5.25651672e+002 4.12901215e+002 5.22046631e+002
  7.25653198e+002 5.27163696e+002 6.92882874e+002 5.22522400e+002
  6.60460083e+002 5.18787170e+002 6.24458496e+002 5.15835754e+002
  5.89400269e+002 5.11972321e+002 5.54034180e+002 5.08250549e+002
  5.16323486e+002 5.05039520e+002 4.79354004e+002 5.01005463e+002
  4.41489319e+002 4.96699036e+002 4.02231445e+002 4.92466858e+002</projector>
</opencv_storage>
