<?xml version="1.0"?>
<opencv_storage>
<world>
  0. 0. 0. 24. 0. 0. 48. 0. 0. 72. 0. 0. 96. 0. 0. 120. 0. 0. 144. 0. 0.
  168. 0. 0. 192. 0. 0. 216. 0. 0. 0. 24. 0. 24. 24. 0. 48. 24. 0. 72.
  24. 0. 96. 24. 0. 120. 24. 0. 144. 24. 0. 168. 24. 0. 192. 24. 0. 216.
  24. 0. 0. 48. 0. 24. 48. 0. 48. 48. 0. 72. 48. 0. 96. 48. 0. 120. 48.
  0. 144. 48. 0. 168. 48. 0. 192. 48. 0. 216. 48. 0. 0. 72. 0. 24. 72.
  0. 48. 72. 0. 72. 72. 0. 96. 72. 0. 120. 72. 0. 144. 72. 0. 168. 72.
  0. 192. 72. 0. 216. 72. 0. 0. 96. 0. 24. 96. 0. 48. 96. 0. 72. 96. 0.
  96. 96. 0. 120. 96. 0. 144. 96. 0. 168. 96. 0. 192. 96. 0. 216. 96. 0.
  0. 120. 0. 24. 120. 0. 48. 120. 0. 72. 120. 0. 96. 120. 0. 120. 120.
  0. 144. 120. 0. 168. 120. 0. 192. 120. 0. 216. 120. 0. 0. 144. 0. 24.
  144. 0. 48. 144. 0. 72. 144. 0. 96. 144. 0. 120. 144. 0. 144. 144. 0.
  168. 144. 0. 192. 144. 0. 216. 144. 0.</world>
<camera>
  5.28065857e+002 3.52530975e+002 5.62713501e+002 3.55394470e+002
  5.96449402e+002 3.58373657e+002 6.29369385e+002 3.61469025e+002
  6.61628357e+002 3.64553375e+002 6.93223022e+002 3.67587158e+002
  7.23885376e+002 3.70704956e+002 7.53885071e+002 3.73639709e+002
  7.83269043e+002 3.76786987e+002 8.11491272e+002 3.79767181e+002
  5.26556213e+002 3.90477081e+002 5.61711060e+002 3.92833038e+002
  5.95455444e+002 3.95368866e+002 6.28558838e+002 3.97950409e+002
  6.61056641e+002 4.00584442e+002 6.93032715e+002 4.03249207e+002
  7.23685486e+002 4.05664581e+002 7.53527405e+002 4.08419617e+002
  7.82784485e+002 4.11019409e+002 8.10874817e+002 4.13617615e+002
  5.25250183e+002 4.28838715e+002 5.60784546e+002 4.30686646e+002
  5.95234680e+002 4.32623169e+002 6.28523804e+002 4.34769592e+002
  6.60930786e+002 4.36962311e+002 6.93303772e+002 4.39004913e+002
  7.24441650e+002 4.41126404e+002 7.54448303e+002 4.43231873e+002
  7.83462097e+002 4.45395935e+002 8.11402039e+002 4.47525787e+002
  5.23815125e+002 4.67321350e+002 5.59523499e+002 4.68825867e+002
  5.93966431e+002 4.70341064e+002 6.28070557e+002 4.71751831e+002
  6.60925964e+002 4.73463501e+002 6.92813660e+002 4.75168610e+002
  7.23557617e+002 4.76782471e+002 7.52981873e+002 4.78379700e+002
  7.82606750e+002 4.80083588e+002 8.10704590e+002 4.81656372e+002
  5.22685364e+002 5.06021271e+002 5.58127686e+002 5.07074280e+002
  5.93021423e+002 5.08103455e+002 6.26882507e+002 5.09280487e+002
  6.60016907e+002 5.10467377e+002 6.91542908e+002 5.11465240e+002
  7.21688843e+002 5.12665527e+002 7.51406860e+002 5.13674255e+002
  7.80439331e+002 5.14885986e+002 8.09051758e+002 5.15949036e+002
  5.22113403e+002 5.44764221e+002 5.57749695e+002 5.45346680e+002
  5.92407104e+002 5.45922913e+002 6.25590332e+002 5.46613464e+002
  6.58308350e+002 5.47293823e+002 6.90382019e+002 5.47943115e+002
  7.20562134e+002 5.48545654e+002 7.50570251e+002 5.49192078e+002
  7.80781921e+002 5.49686646e+002 8.09436157e+002 5.50399475e+002
  5.21394104e+002 5.83492920e+002 5.56614075e+002 5.83618225e+002
  5.91019348e+002 5.83745667e+002 6.24462952e+002 5.83964539e+002
  6.57102844e+002 5.84199829e+002 6.88777954e+002 5.84345093e+002
  7.19643677e+002 5.84466980e+002 7.50145447e+002 5.84609375e+002
  7.79841858e+002 5.84684021e+002 8.08585449e+002 5.84736206e+002</camera>
<projector>
  3.43509186e+002 2.76400665e+002 3.83171509e+002 2.79922089e+002
  4.21008026e+002 2.84421173e+002 4.59177429e+002 2.88948059e+002
  4.97596588e+002 2.94385529e+002 5.34148682e+002 2.98772003e+002
  5.71204834e+002 3.03024078e+002 6.07425049e+002 3.07315460e+002
  6.42903320e+002 3.11534821e+002 6.77804077e+002 3.15776581e+002
  3.42560364e+002 3.14791382e+002 3.81805206e+002 3.19474915e+002
  4.19597107e+002 3.23210754e+002 4.58776459e+002 3.27912933e+002
  4.95943817e+002 3.32551117e+002 5.33406982e+002 3.35984344e+002
  5.70332703e+002 3.40602325e+002 6.06591797e+002 3.44036194e+002
  6.42178528e+002 3.48595032e+002 6.77177002e+002 3.53055695e+002
  3.40410583e+002 3.54942505e+002 3.80462097e+002 3.58699768e+002
  4.19032562e+002 3.62636383e+002 4.58027649e+002 3.66525818e+002
  4.95147034e+002 3.70264526e+002 5.32485107e+002 3.74001984e+002
  5.69333313e+002 3.77726318e+002 6.05525085e+002 3.81484436e+002
  6.41183472e+002 3.85265839e+002 6.76246704e+002 3.90160736e+002
  3.39153534e+002 3.94040649e+002 3.79316803e+002 3.98007813e+002
  4.17579742e+002 4.01016663e+002 4.56335266e+002 4.05017242e+002
  4.94293365e+002 4.07930573e+002 5.31766785e+002 4.11983337e+002
  5.68853821e+002 4.16131531e+002 6.04105286e+002 4.19128387e+002
  6.40705444e+002 4.23198303e+002 6.75764038e+002 4.27316895e+002
  3.37702576e+002 4.33987946e+002 3.76831055e+002 4.37227509e+002
  4.16149902e+002 4.40311096e+002 4.54781281e+002 4.43544067e+002
  4.92618622e+002 4.46802216e+002 5.30350525e+002 4.50087067e+002
  5.66394714e+002 4.54633270e+002 6.01615784e+002 4.57867310e+002
  6.37030518e+002 4.61030670e+002 6.72997925e+002 4.64337708e+002
  3.35932098e+002 4.73654663e+002 3.76009674e+002 4.76064636e+002
  4.14345551e+002 4.79498077e+002 4.53341553e+002 4.83100555e+002
  4.90355103e+002 4.85658142e+002 5.27788025e+002 4.89253723e+002
  5.64962952e+002 4.92918488e+002 6.01240112e+002 4.95298920e+002
  6.37468933e+002 4.98692627e+002 6.72194336e+002 5.01047455e+002
  3.34159180e+002 5.12496521e+002 3.74418427e+002 5.16392456e+002
  4.12824249e+002 5.19040527e+002 4.50693085e+002 5.21770996e+002
  4.88871185e+002 5.24582214e+002 5.26486816e+002 5.27406006e+002
  5.63439819e+002 5.30105591e+002 5.99370667e+002 5.33814636e+002
  6.35751587e+002 5.36434387e+002 6.71628723e+002 5.39096558e+002</projector>
</opencv_storage>
