<?xml version="1.0"?>
<opencv_storage>
<world>
  0. 0. 0. 24. 0. 0. 48. 0. 0. 72. 0. 0. 96. 0. 0. 120. 0. 0. 144. 0. 0.
  168. 0. 0. 192. 0. 0. 216. 0. 0. 0. 24. 0. 24. 24. 0. 48. 24. 0. 72.
  24. 0. 96. 24. 0. 120. 24. 0. 144. 24. 0. 168. 24. 0. 192. 24. 0. 216.
  24. 0. 0. 48. 0. 24. 48. 0. 48. 48. 0. 72. 48. 0. 96. 48. 0. 120. 48.
  0. 144. 48. 0. 168. 48. 0. 192. 48. 0. 216. 48. 0. 0. 72. 0. 24. 72.
  0. 48. 72. 0. 72. 72. 0. 96. 72. 0. 120. 72. 0. 144. 72. 0. 168. 72.
  0. 192. 72. 0. 216. 72. 0. 0. 96. 0. 24. 96. 0. 48. 96. 0. 72. 96. 0.
  96. 96. 0. 120. 96. 0. 144. 96. 0. 168. 96. 0. 192. 96. 0. 216. 96. 0.
  0. 120. 0. 24. 120. 0. 48. 120. 0. 72. 120. 0. 96. 120. 0. 120. 120.
  0. 144. 120. 0. 168. 120. 0. 192. 120. 0. 216. 120. 0. 0. 144. 0. 24.
  144. 0. 48. 144. 0. 72. 144. 0. 96. 144. 0. 120. 144. 0. 144. 144. 0.
  168. 144. 0. 192. 144. 0. 216. 144. 0.</world>
<camera>
  7.37266418e+002 2.39221832e+002 7.65370361e+002 2.35592133e+002
  7.94519470e+002 2.32045929e+002 8.24351196e+002 2.28617844e+002
  8.54546997e+002 2.25184387e+002 8.85764893e+002 2.21722641e+002
  9.17634277e+002 2.18432587e+002 9.50187134e+002 2.15190872e+002
  9.83265747e+002 2.11849274e+002 1.01701941e+003 2.08983795e+002
  7.36738037e+002 2.71470276e+002 7.64518616e+002 2.67901978e+002
  7.93695801e+002 2.64846161e+002 8.23695923e+002 2.61712921e+002
  8.54235718e+002 2.58669373e+002 8.85229065e+002 2.55501587e+002
  9.17343628e+002 2.52580063e+002 9.50180908e+002 2.49630707e+002
  9.83526489e+002 2.46929642e+002 1.01765851e+003 2.44365601e+002
  7.36505188e+002 3.03941589e+002 7.63730225e+002 3.00915802e+002
  7.92607971e+002 2.97816040e+002 8.22520996e+002 2.95209045e+002
  8.53283020e+002 2.92456665e+002 8.84408325e+002 2.89583618e+002
  9.16348572e+002 2.86962555e+002 9.49265930e+002 2.84447998e+002
  9.83038391e+002 2.82051056e+002 1.01756750e+003 2.79882355e+002
  7.36358582e+002 3.36810669e+002 7.63723572e+002 3.34116730e+002
  7.92611328e+002 3.31549408e+002 8.21876892e+002 3.29080780e+002
  8.52471985e+002 3.26679626e+002 8.83887817e+002 3.24362854e+002
  9.16586243e+002 3.22194824e+002 9.50059448e+002 3.20220612e+002
  9.83531006e+002 3.18121826e+002 1.01813617e+003 3.16222717e+002
  7.36433594e+002 3.69767212e+002 7.64296387e+002 3.67628845e+002
  7.92598511e+002 3.65501648e+002 8.22252258e+002 3.63484222e+002
  8.52519470e+002 3.61449677e+002 8.84535889e+002 3.59633331e+002
  9.17472107e+002 3.57875458e+002 9.50803284e+002 3.56259949e+002
  9.84838135e+002 3.54637177e+002 1.01920984e+003 3.53097504e+002
  7.35667542e+002 4.03183868e+002 7.63307800e+002 4.01341980e+002
  7.92401001e+002 3.99611450e+002 8.22599426e+002 3.98149048e+002
  8.53459290e+002 3.96692993e+002 8.85128540e+002 3.95272522e+002
  9.18249756e+002 3.93746063e+002 9.51313477e+002 3.92535034e+002
  9.84519348e+002 3.91166870e+002 1.01882410e+003 3.89694000e+002
  7.35618469e+002 4.36516724e+002 7.63928284e+002 4.35334137e+002
  7.92992676e+002 4.34071259e+002 8.23239624e+002 4.33075470e+002
  8.54111328e+002 4.31797150e+002 8.85971436e+002 4.30939392e+002
  9.18552734e+002 4.29821747e+002 9.51504456e+002 4.28998260e+002
  9.85088257e+002 4.27880432e+002 1.01951410e+003 4.27112793e+002</camera>
<projector>
  6.07021118e+002 1.63644318e+002 6.31959412e+002 1.57295975e+002
  6.59020020e+002 1.49580627e+002 6.85186646e+002 1.43035309e+002
  7.13014282e+002 1.34867752e+002 7.41004150e+002 1.27723335e+002
  7.70077209e+002 1.19043274e+002 7.99237610e+002 1.11389366e+002
  8.29472717e+002 1.03331619e+002 8.61019531e+002 9.49526138e+001
  6.06728882e+002 1.99889359e+002 6.31455688e+002 1.93574097e+002
  6.57450195e+002 1.87165115e+002 6.84403198e+002 1.80434799e+002
  7.11198853e+002 1.73677307e+002 7.38846619e+002 1.66621643e+002
  7.67802795e+002 1.59181793e+002 7.97840332e+002 1.51527954e+002
  8.29001282e+002 1.43612991e+002 8.60611877e+002 1.35332626e+002
  6.06561462e+002 2.36874130e+002 6.30093018e+002 2.30631744e+002
  6.55774109e+002 2.24186630e+002 6.82413757e+002 2.17534439e+002
  7.09165222e+002 2.10807999e+002 7.36630554e+002 2.04859009e+002
  7.65330566e+002 1.97618607e+002 7.95309753e+002 1.90119080e+002
  8.26405640e+002 1.83489059e+002 8.58902283e+002 1.76475266e+002
  6.05441528e+002 2.73757446e+002 6.29956055e+002 2.67412750e+002
  6.55388794e+002 2.62048035e+002 6.80806885e+002 2.55506073e+002
  7.07196716e+002 2.49810654e+002 7.35670532e+002 2.42814346e+002
  7.65587830e+002 2.36738785e+002 7.95600952e+002 2.30548447e+002
  8.26484009e+002 2.23969772e+002 8.57944946e+002 2.17421173e+002
  6.05385193e+002 3.10286652e+002 6.29846313e+002 3.05136139e+002
  6.55101501e+002 2.99640503e+002 6.80476074e+002 2.93127197e+002
  7.07638672e+002 2.87399292e+002 7.36296814e+002 2.82729004e+002
  7.65452576e+002 2.76973236e+002 7.96357300e+002 2.70888428e+002
  8.27109497e+002 2.65488495e+002 8.58248352e+002 2.58988800e+002
  6.04955017e+002 3.46455200e+002 6.28390442e+002 3.41330933e+002
  6.53827637e+002 3.37106598e+002 6.81190796e+002 3.31499847e+002
  7.07727966e+002 3.27247437e+002 7.36216431e+002 3.21498047e+002
  7.66062195e+002 3.16785461e+002 7.95764221e+002 3.11740295e+002
  8.26085938e+002 3.05368317e+002 8.57004578e+002 2.99989807e+002
  6.04721863e+002 3.83620453e+002 6.29210205e+002 3.78491058e+002
  6.54647400e+002 3.74289001e+002 6.81179016e+002 3.70054749e+002
  7.08521423e+002 3.65572357e+002 7.37063416e+002 3.61049286e+002
  7.66580872e+002 3.56257904e+002 7.96041382e+002 3.51364044e+002
  8.25501282e+002 3.46199677e+002 8.57241760e+002 3.40908539e+002</projector>
</opencv_storage>
