<?xml version="1.0"?>
<opencv_storage>
<world>
  0. 0. 0. 24. 0. 0. 48. 0. 0. 72. 0. 0. 96. 0. 0. 120. 0. 0. 144. 0. 0.
  168. 0. 0. 192. 0. 0. 216. 0. 0. 0. 24. 0. 24. 24. 0. 48. 24. 0. 72.
  24. 0. 96. 24. 0. 120. 24. 0. 144. 24. 0. 168. 24. 0. 192. 24. 0. 216.
  24. 0. 0. 48. 0. 24. 48. 0. 48. 48. 0. 72. 48. 0. 96. 48. 0. 120. 48.
  0. 144. 48. 0. 168. 48. 0. 192. 48. 0. 216. 48. 0. 0. 72. 0. 24. 72.
  0. 48. 72. 0. 72. 72. 0. 96. 72. 0. 120. 72. 0. 144. 72. 0. 168. 72.
  0. 192. 72. 0. 216. 72. 0. 0. 96. 0. 24. 96. 0. 48. 96. 0. 72. 96. 0.
  96. 96. 0. 120. 96. 0. 144. 96. 0. 168. 96. 0. 192. 96. 0. 216. 96. 0.
  0. 120. 0. 24. 120. 0. 48. 120. 0. 72. 120. 0. 96. 120. 0. 120. 120.
  0. 144. 120. 0. 168. 120. 0. 192. 120. 0. 216. 120. 0. 0. 144. 0. 24.
  144. 0. 48. 144. 0. 72. 144. 0. 96. 144. 0. 120. 144. 0. 144. 144. 0.
  168. 144. 0. 192. 144. 0. 216. 144. 0.</world>
<camera>
  6.20591736e+002 5.11598267e+002 6.64407288e+002 5.12385010e+002
  7.07559875e+002 5.12728271e+002 7.50323730e+002 5.13409790e+002
  7.92578003e+002 5.14292358e+002 8.34129028e+002 5.15092651e+002
  8.74816223e+002 5.15726929e+002 9.14806702e+002 5.16618164e+002
  9.54268188e+002 5.17509277e+002 9.92472900e+002 5.18501404e+002
  6.18781738e+002 5.55358459e+002 6.62560791e+002 5.55868225e+002
  7.05410217e+002 5.56145264e+002 7.47924561e+002 5.56497742e+002
  7.90128235e+002 5.56883545e+002 8.31640259e+002 5.57443054e+002
  8.72441223e+002 5.57749451e+002 9.12064514e+002 5.58308350e+002
  9.51047852e+002 5.58589661e+002 9.88750244e+002 5.58918518e+002
  6.17329041e+002 5.98526489e+002 6.60827942e+002 5.99223816e+002
  7.03748901e+002 5.99282166e+002 7.46257263e+002 5.99371582e+002
  7.88017151e+002 5.99398804e+002 8.29491211e+002 5.99617432e+002
  8.70364746e+002 5.99740417e+002 9.09751587e+002 5.99653259e+002
  9.48590393e+002 5.99613037e+002 9.86141052e+002 5.99413513e+002
  6.15874329e+002 6.40891602e+002 6.59250122e+002 6.41362366e+002
  7.01855957e+002 6.41429626e+002 7.44359558e+002 6.41517944e+002
  7.85868042e+002 6.41390381e+002 8.27027405e+002 6.41227661e+002
  8.67126343e+002 6.40587097e+002 9.06095215e+002 6.39692993e+002
  9.44827454e+002 6.39523621e+002 9.82402649e+002 6.38897583e+002
  6.14695435e+002 6.82541199e+002 6.57519409e+002 6.82748535e+002
  7.00068176e+002 6.82907471e+002 7.41987549e+002 6.82628418e+002
  7.83359924e+002 6.82318542e+002 8.23939453e+002 6.81388916e+002
  8.63363953e+002 6.80257874e+002 9.02240784e+002 6.79057861e+002
  9.40336426e+002 6.78157715e+002 9.77734436e+002 6.77260803e+002
  6.13643921e+002 7.23643921e+002 6.56339355e+002 7.23742737e+002
  6.98211243e+002 7.23307861e+002 7.39526489e+002 7.22492920e+002
  7.80486145e+002 7.21558105e+002 8.20852539e+002 7.20777283e+002
  8.60055481e+002 7.19190063e+002 8.98724731e+002 7.17957520e+002
  9.37401917e+002 7.17299377e+002 9.74677063e+002 7.16041748e+002
  6.12800293e+002 7.63614136e+002 6.54723816e+002 7.63182068e+002
  6.96288879e+002 7.62527100e+002 7.37309082e+002 7.61495911e+002
  7.77750854e+002 7.60506470e+002 8.17686218e+002 7.59094360e+002
  8.56868591e+002 7.57660583e+002 8.95484131e+002 7.56423767e+002
  9.33674316e+002 7.54977722e+002 9.70651978e+002 7.53475037e+002</camera>
<projector>
  3.87606354e+002 4.11990265e+002 4.30679962e+002 4.12605316e+002
  4.75357086e+002 4.14171722e+002 5.18639160e+002 4.14852203e+002
  5.63219910e+002 4.16326752e+002 6.06528137e+002 4.17943420e+002
  6.50590454e+002 4.19467438e+002 6.94259155e+002 4.20954987e+002
  7.37763123e+002 4.22467865e+002 7.81244873e+002 4.24066986e+002
  3.87134277e+002 4.55671478e+002 4.30926880e+002 4.57153748e+002
  4.73725250e+002 4.58256073e+002 5.18075134e+002 4.59101563e+002
  5.61714905e+002 4.60962524e+002 6.05821655e+002 4.61700012e+002
  6.48876221e+002 4.63648956e+002 6.92763306e+002 4.64559326e+002
  7.36373596e+002 4.66560791e+002 7.79991699e+002 4.67535645e+002
  3.86513458e+002 5.00440552e+002 4.30290466e+002 5.01186462e+002
  4.73837128e+002 5.02205383e+002 5.17091797e+002 5.03337799e+002
  5.60815186e+002 5.04447662e+002 6.03902283e+002 5.06581879e+002
  6.47911926e+002 5.07776031e+002 6.91872192e+002 5.09085052e+002
  7.35795410e+002 5.10515808e+002 7.78512939e+002 5.10911926e+002
  3.86781372e+002 5.43591064e+002 4.29688446e+002 5.44499451e+002
  4.73220062e+002 5.45594666e+002 5.16245911e+002 5.47892700e+002
  5.60007629e+002 5.48281189e+002 6.03410278e+002 5.49776917e+002
  6.46855347e+002 5.51524353e+002 6.90135193e+002 5.52307617e+002
  7.33834229e+002 5.54073486e+002 7.76620178e+002 5.54935364e+002
  3.86971039e+002 5.87207947e+002 4.30202240e+002 5.88386292e+002
  4.72629181e+002 5.89558289e+002 5.15921997e+002 5.91102783e+002
  5.58803101e+002 5.91749756e+002 6.02517029e+002 5.92641785e+002
  6.45316589e+002 5.93857117e+002 6.88651733e+002 5.95029236e+002
  7.31348755e+002 5.96068604e+002 7.75087280e+002 5.97243958e+002
  3.86915649e+002 6.30016418e+002 4.29259796e+002 6.31245728e+002
  4.72155029e+002 6.31986511e+002 5.15835449e+002 6.32891296e+002
  5.58065002e+002 6.35003784e+002 6.01858337e+002 6.36107361e+002
  6.44588806e+002 6.36492554e+002 6.87843933e+002 6.37833496e+002
  7.30219666e+002 6.38925598e+002 7.73997070e+002 6.40484009e+002
  3.86950134e+002 6.72523865e+002 4.29663544e+002 6.73218994e+002
  4.71934998e+002 6.75145142e+002 5.14698364e+002 6.75145447e+002
  5.58127930e+002 6.77529114e+002 6.01132019e+002 6.77963013e+002
  6.43790283e+002 6.79465027e+002 6.85790771e+002 6.79926941e+002
  7.29594543e+002 6.81569580e+002 7.72223633e+002 6.82197998e+002</projector>
</opencv_storage>
