<?xml version="1.0"?>
<opencv_storage>
<world>
  0. 0. 0. 24. 0. 0. 48. 0. 0. 72. 0. 0. 96. 0. 0. 120. 0. 0. 144. 0. 0.
  168. 0. 0. 192. 0. 0. 216. 0. 0. 0. 24. 0. 24. 24. 0. 48. 24. 0. 72.
  24. 0. 96. 24. 0. 120. 24. 0. 144. 24. 0. 168. 24. 0. 192. 24. 0. 216.
  24. 0. 0. 48. 0. 24. 48. 0. 48. 48. 0. 72. 48. 0. 96. 48. 0. 120. 48.
  0. 144. 48. 0. 168. 48. 0. 192. 48. 0. 216. 48. 0. 0. 72. 0. 24. 72.
  0. 48. 72. 0. 72. 72. 0. 96. 72. 0. 120. 72. 0. 144. 72. 0. 168. 72.
  0. 192. 72. 0. 216. 72. 0. 0. 96. 0. 24. 96. 0. 48. 96. 0. 72. 96. 0.
  96. 96. 0. 120. 96. 0. 144. 96. 0. 168. 96. 0. 192. 96. 0. 216. 96. 0.
  0. 120. 0. 24. 120. 0. 48. 120. 0. 72. 120. 0. 96. 120. 0. 120. 120.
  0. 144. 120. 0. 168. 120. 0. 192. 120. 0. 216. 120. 0. 0. 144. 0. 24.
  144. 0. 48. 144. 0. 72. 144. 0. 96. 144. 0. 120. 144. 0. 144. 144. 0.
  168. 144. 0. 192. 144. 0. 216. 144. 0.</world>
<camera>
  4.29091461e+002 2.51508972e+002 4.83700592e+002 2.51641998e+002
  5.39066833e+002 2.52457092e+002 5.94296204e+002 2.53696762e+002
  6.49452820e+002 2.55338455e+002 7.04468445e+002 2.57328766e+002
  7.59049927e+002 2.59497223e+002 8.12854797e+002 2.62052094e+002
  8.66332642e+002 2.65131073e+002 9.18485107e+002 2.68286926e+002
  4.25855469e+002 3.05619965e+002 4.81092834e+002 3.05544159e+002
  5.36572021e+002 3.06339844e+002 5.92297791e+002 3.07476685e+002
  6.47800720e+002 3.08838837e+002 7.03460144e+002 3.10317871e+002
  7.58546936e+002 3.12340210e+002 8.12581055e+002 3.14751740e+002
  8.66418152e+002 3.17379059e+002 9.18532776e+002 3.20300964e+002
  4.23451263e+002 3.61020844e+002 4.78596283e+002 3.60753113e+002
  5.34467896e+002 3.61141327e+002 5.90644470e+002 3.61854584e+002
  6.46616333e+002 3.63314178e+002 7.02749695e+002 3.64397369e+002
  7.58507996e+002 3.65753967e+002 8.13107361e+002 3.67749298e+002
  8.66812561e+002 3.70158173e+002 9.19491577e+002 3.72918854e+002
  4.21429657e+002 4.16979156e+002 4.76796906e+002 4.16882233e+002
  5.32832092e+002 4.17227112e+002 5.89303345e+002 4.17554260e+002
  6.45604614e+002 4.18537781e+002 7.02058472e+002 4.19472229e+002
  7.57591492e+002 4.21250092e+002 8.12318115e+002 4.22828186e+002
  8.66587524e+002 4.24476501e+002 9.19303345e+002 4.26526093e+002
  4.19752930e+002 4.73442993e+002 4.75474426e+002 4.73569366e+002
  5.31492126e+002 4.73716309e+002 5.88142517e+002 4.74458282e+002
  6.44591553e+002 4.75092438e+002 7.01168091e+002 4.75891418e+002
  7.56549744e+002 4.77227386e+002 8.11312378e+002 4.78330292e+002
  8.65374451e+002 4.79513245e+002 9.18447937e+002 4.80857086e+002
  4.18583801e+002 5.30359375e+002 4.74280731e+002 5.30530945e+002
  5.30521179e+002 5.30729065e+002 5.87319092e+002 5.31392578e+002
  6.43578674e+002 5.31774780e+002 7.00357605e+002 5.32549683e+002
  7.55595886e+002 5.33321655e+002 8.10722290e+002 5.33743225e+002
  8.65592590e+002 5.34536865e+002 9.18737122e+002 5.35348755e+002
  4.18005890e+002 5.87352905e+002 4.73751984e+002 5.87571289e+002
  5.30114746e+002 5.87939209e+002 5.86601135e+002 5.88475830e+002
  6.43282104e+002 5.88637329e+002 6.99479614e+002 5.89200867e+002
  7.55352173e+002 5.89412659e+002 8.10517090e+002 5.89597778e+002
  8.65181458e+002 5.89901001e+002 9.18538391e+002 5.90289734e+002</camera>
<projector>
  1.24891502e+002 1.25117317e+002 1.74854507e+002 1.24631134e+002
  2.24201752e+002 1.23116890e+002 2.73769104e+002 1.24510788e+002
  3.24220764e+002 1.24232323e+002 3.74452118e+002 1.24138924e+002
  4.25910614e+002 1.24470604e+002 4.76765564e+002 1.25954880e+002
  5.26665955e+002 1.25940872e+002 5.78202759e+002 1.25872650e+002
  1.23694199e+002 1.74827179e+002 1.71674896e+002 1.73794769e+002
  2.22440720e+002 1.73333206e+002 2.71387329e+002 1.74171570e+002
  3.21910065e+002 1.74744492e+002 3.71998901e+002 1.74912460e+002
  4.23324188e+002 1.74539841e+002 4.74369263e+002 1.75644073e+002
  5.24660461e+002 1.76041885e+002 5.76691589e+002 1.76842026e+002
  1.21128029e+002 2.24249619e+002 1.69922119e+002 2.23938660e+002
  2.18188583e+002 2.23467941e+002 2.69326660e+002 2.24436722e+002
  3.19994080e+002 2.24308258e+002 3.69715515e+002 2.24062714e+002
  4.21919159e+002 2.24453690e+002 4.71797791e+002 2.25248108e+002
  5.23799683e+002 2.26326111e+002 5.75088257e+002 2.26606537e+002
  1.18411011e+002 2.74849731e+002 1.68280579e+002 2.73694458e+002
  2.17063919e+002 2.74091309e+002 2.66294800e+002 2.74440399e+002
  3.17461914e+002 2.74354095e+002 3.68277435e+002 2.74170563e+002
  4.19215820e+002 2.74952240e+002 4.70105499e+002 2.76551300e+002
  5.21981873e+002 2.76295746e+002 5.72891663e+002 2.78135651e+002
  1.18280602e+002 3.24724365e+002 1.66087830e+002 3.24691925e+002
  2.15487488e+002 3.25039093e+002 2.64641052e+002 3.24479645e+002
  3.15783844e+002 3.24616180e+002 3.66322937e+002 3.25612854e+002
  4.17845306e+002 3.27258759e+002 4.69625580e+002 3.27714874e+002
  5.19947632e+002 3.29752411e+002 5.71127563e+002 3.29437531e+002
  1.16129707e+002 3.75525360e+002 1.64582520e+002 3.75413391e+002
  2.14005264e+002 3.76010956e+002 2.63632111e+002 3.75913788e+002
  3.14391205e+002 3.77320221e+002 3.65073730e+002 3.78310150e+002
  4.16431519e+002 3.79215698e+002 4.67802155e+002 3.79518127e+002
  5.18913574e+002 3.80617310e+002 5.70014832e+002 3.80846710e+002
  1.13583260e+002 4.25356354e+002 1.62675644e+002 4.27367004e+002
  2.12180130e+002 4.26812683e+002 2.62495453e+002 4.27725708e+002
  3.12740265e+002 4.28866394e+002 3.64174561e+002 4.29252014e+002
  4.14105133e+002 4.29445313e+002 4.65909729e+002 4.31013763e+002
  5.17394836e+002 4.31265381e+002 5.69216736e+002 4.31375153e+002</projector>
</opencv_storage>
