<?xml version="1.0"?>
<opencv_storage>
<world>
  0. 0. 0. 24. 0. 0. 48. 0. 0. 72. 0. 0. 96. 0. 0. 120. 0. 0. 144. 0. 0.
  168. 0. 0. 192. 0. 0. 216. 0. 0. 0. 24. 0. 24. 24. 0. 48. 24. 0. 72.
  24. 0. 96. 24. 0. 120. 24. 0. 144. 24. 0. 168. 24. 0. 192. 24. 0. 216.
  24. 0. 0. 48. 0. 24. 48. 0. 48. 48. 0. 72. 48. 0. 96. 48. 0. 120. 48.
  0. 144. 48. 0. 168. 48. 0. 192. 48. 0. 216. 48. 0. 0. 72. 0. 24. 72.
  0. 48. 72. 0. 72. 72. 0. 96. 72. 0. 120. 72. 0. 144. 72. 0. 168. 72.
  0. 192. 72. 0. 216. 72. 0. 0. 96. 0. 24. 96. 0. 48. 96. 0. 72. 96. 0.
  96. 96. 0. 120. 96. 0. 144. 96. 0. 168. 96. 0. 192. 96. 0. 216. 96. 0.
  0. 120. 0. 24. 120. 0. 48. 120. 0. 72. 120. 0. 96. 120. 0. 120. 120.
  0. 144. 120. 0. 168. 120. 0. 192. 120. 0. 216. 120. 0. 0. 144. 0. 24.
  144. 0. 48. 144. 0. 72. 144. 0. 96. 144. 0. 120. 144. 0. 144. 144. 0.
  168. 144. 0. 192. 144. 0. 216. 144. 0.</world>
<camera>
  4.20121124e+002 4.81659668e+002 4.70462616e+002 4.84048706e+002
  5.18956726e+002 4.86350647e+002 5.65723389e+002 4.88825897e+002
  6.11515259e+002 4.91181824e+002 6.55357239e+002 4.93477203e+002
  6.97606323e+002 4.95671631e+002 7.38518372e+002 4.97996826e+002
  7.77629578e+002 5.00307526e+002 8.15261536e+002 5.02461334e+002
  4.18798401e+002 5.37896545e+002 4.69786285e+002 5.39189880e+002
  5.18378967e+002 5.40464294e+002 5.65353210e+002 5.41741760e+002
  6.11281372e+002 5.43218750e+002 6.55677673e+002 5.44473511e+002
  6.98161865e+002 5.45592590e+002 7.38485535e+002 5.47014954e+002
  7.77721619e+002 5.48239319e+002 8.14694702e+002 5.49442383e+002
  4.17923004e+002 5.94417175e+002 4.69522461e+002 5.94644958e+002
  5.18789490e+002 5.94771912e+002 5.66332764e+002 5.95169922e+002
  6.11875427e+002 5.95402344e+002 6.56868958e+002 5.95633057e+002
  6.99650024e+002 5.95776917e+002 7.40414856e+002 5.96153259e+002
  7.79246216e+002 5.96367371e+002 8.15865295e+002 5.96573120e+002
  4.17553009e+002 6.50600647e+002 4.68983337e+002 6.49906128e+002
  5.18334839e+002 6.49173706e+002 5.66673462e+002 6.48529236e+002
  6.12841553e+002 6.47741150e+002 6.57283936e+002 6.46973877e+002
  6.99255310e+002 6.46155396e+002 7.38816101e+002 6.45199280e+002
  7.78443237e+002 6.44482605e+002 8.15419922e+002 6.43543762e+002
  4.17484497e+002 7.06552979e+002 4.68423218e+002 7.04887634e+002
  5.18240417e+002 7.03296082e+002 5.66269531e+002 7.01615417e+002
  6.12630188e+002 7.00058044e+002 6.56332703e+002 6.98185486e+002
  6.97361450e+002 6.96023560e+002 7.37306641e+002 6.94015808e+002
  7.75892212e+002 6.92189392e+002 8.13403503e+002 6.90343811e+002
  4.18629730e+002 7.62282471e+002 4.69641663e+002 7.59775635e+002
  5.18704651e+002 7.57092041e+002 5.65610046e+002 7.54336731e+002
  6.11256897e+002 7.51451538e+002 6.55371155e+002 7.48667236e+002
  6.96418396e+002 7.45476501e+002 7.36703369e+002 7.42560547e+002
  7.76935669e+002 7.39902466e+002 8.14470154e+002 7.36995483e+002
  4.19589203e+002 8.16888611e+002 4.69812042e+002 8.13457947e+002
  5.18543823e+002 8.09887634e+002 5.65351685e+002 8.06195435e+002
  6.10629150e+002 8.02382568e+002 6.54199768e+002 7.98517700e+002
  6.96083618e+002 7.94588135e+002 7.36653503e+002 7.90733215e+002
  7.76262329e+002 7.87032715e+002 8.13639771e+002 7.83224915e+002</camera>
<projector>
  1.21697456e+002 3.35367859e+002 1.72243027e+002 3.41071472e+002
  2.22672363e+002 3.47145874e+002 2.71594513e+002 3.53106567e+002
  3.20395721e+002 3.58647980e+002 3.67378052e+002 3.64580566e+002
  4.14826019e+002 3.70466217e+002 4.60825500e+002 3.75872864e+002
  5.05522766e+002 3.81198242e+002 5.49109314e+002 3.86464142e+002
  1.19353249e+002 3.85688477e+002 1.71259964e+002 3.90186981e+002
  2.20271317e+002 3.95848389e+002 2.69203217e+002 4.01847168e+002
  3.18442596e+002 4.07258942e+002 3.66520569e+002 4.11280579e+002
  4.13019989e+002 4.17402344e+002 4.58022766e+002 4.22411957e+002
  5.04030731e+002 4.27570740e+002 5.47856750e+002 4.32457062e+002
  1.17539703e+002 4.34851624e+002 1.69536682e+002 4.40931091e+002
  2.19214996e+002 4.44776703e+002 2.68105713e+002 4.50213104e+002
  3.17050842e+002 4.54879303e+002 3.65366302e+002 4.59795258e+002
  4.12773285e+002 4.64245331e+002 4.57931610e+002 4.68882629e+002
  5.03108459e+002 4.73622406e+002 5.47203613e+002 4.79246277e+002
  1.15342705e+002 4.86368805e+002 1.67102371e+002 4.89879211e+002
  2.16555176e+002 4.94329010e+002 2.67251984e+002 4.98879578e+002
  3.15812317e+002 5.03198761e+002 3.63613892e+002 5.07089325e+002
  4.10289551e+002 5.11710175e+002 4.56007690e+002 5.16228943e+002
  5.00929535e+002 5.20210693e+002 5.44937378e+002 5.25382446e+002
  1.12202240e+002 5.36078979e+002 1.63702744e+002 5.40176086e+002
  2.14712357e+002 5.43555298e+002 2.64428375e+002 5.48209656e+002
  3.14201508e+002 5.51728088e+002 3.61364777e+002 5.55663208e+002
  4.07524689e+002 5.59797607e+002 4.53191589e+002 5.63763794e+002
  4.98327423e+002 5.67404480e+002 5.42197937e+002 5.70969543e+002
  1.11078453e+002 5.86399902e+002 1.63798950e+002 5.90477417e+002
  2.13412613e+002 5.93362183e+002 2.62596283e+002 5.96341187e+002
  3.10956055e+002 5.99969360e+002 3.59078766e+002 6.04481689e+002
  4.05392303e+002 6.07126709e+002 4.51926270e+002 6.11458801e+002
  4.97777496e+002 6.14487976e+002 5.41652832e+002 6.17443481e+002
  1.09613510e+002 6.36909424e+002 1.60633514e+002 6.39731079e+002
  2.11429749e+002 6.43403259e+002 2.60034180e+002 6.46209961e+002
  3.09758850e+002 6.48822693e+002 3.56880249e+002 6.52985840e+002
  4.03974976e+002 6.55894226e+002 4.50490601e+002 6.58809204e+002
  4.95560883e+002 6.61184509e+002 5.40648682e+002 6.63805603e+002</projector>
</opencv_storage>
