<?xml version="1.0"?>
<opencv_storage>
<world>
  0. 0. 0. 24. 0. 0. 48. 0. 0. 72. 0. 0. 96. 0. 0. 120. 0. 0. 144. 0. 0.
  168. 0. 0. 192. 0. 0. 216. 0. 0. 0. 24. 0. 24. 24. 0. 48. 24. 0. 72.
  24. 0. 96. 24. 0. 120. 24. 0. 144. 24. 0. 168. 24. 0. 192. 24. 0. 216.
  24. 0. 0. 48. 0. 24. 48. 0. 48. 48. 0. 72. 48. 0. 96. 48. 0. 120. 48.
  0. 144. 48. 0. 168. 48. 0. 192. 48. 0. 216. 48. 0. 0. 72. 0. 24. 72.
  0. 48. 72. 0. 72. 72. 0. 96. 72. 0. 120. 72. 0. 144. 72. 0. 168. 72.
  0. 192. 72. 0. 216. 72. 0. 0. 96. 0. 24. 96. 0. 48. 96. 0. 72. 96. 0.
  96. 96. 0. 120. 96. 0. 144. 96. 0. 168. 96. 0. 192. 96. 0. 216. 96. 0.
  0. 120. 0. 24. 120. 0. 48. 120. 0. 72. 120. 0. 96. 120. 0. 120. 120.
  0. 144. 120. 0. 168. 120. 0. 192. 120. 0. 216. 120. 0. 0. 144. 0. 24.
  144. 0. 48. 144. 0. 72. 144. 0. 96. 144. 0. 120. 144. 0. 144. 144. 0.
  168. 144. 0. 192. 144. 0. 216. 144. 0.</world>
<camera>
  3.59839020e+002 5.05593079e+002 3.99050995e+002 5.07047241e+002
  4.36968323e+002 5.08346436e+002 4.73836731e+002 5.09649933e+002
  5.10281799e+002 5.11178070e+002 5.45492554e+002 5.12557983e+002
  5.79940979e+002 5.13792358e+002 6.13461975e+002 5.15255859e+002
  6.46074707e+002 5.16602112e+002 6.77496521e+002 5.17800293e+002
  3.59036072e+002 5.49381775e+002 3.98539978e+002 5.50040588e+002
  4.36396606e+002 5.50677856e+002 4.73449402e+002 5.51451416e+002
  5.09770813e+002 5.52337891e+002 5.45600464e+002 5.52989502e+002
  5.80064453e+002 5.53633850e+002 6.13348267e+002 5.54463257e+002
  6.45749817e+002 5.55178589e+002 6.76911926e+002 5.55842163e+002
  3.58282623e+002 5.93053223e+002 3.98222656e+002 5.93216309e+002
  4.36634430e+002 5.93257385e+002 4.74031311e+002 5.93330750e+002
  5.10339386e+002 5.93458313e+002 5.46407898e+002 5.93536499e+002
  5.81165833e+002 5.93641785e+002 6.14500916e+002 5.93721741e+002
  6.46728394e+002 5.93860901e+002 6.77532471e+002 5.93996033e+002
  3.57905609e+002 6.36642456e+002 3.97635223e+002 6.36277588e+002
  4.36262939e+002 6.35565857e+002 4.74223358e+002 6.35265198e+002
  5.10899048e+002 6.34701172e+002 5.46513062e+002 6.34315491e+002
  5.80612610e+002 6.33615845e+002 6.13296631e+002 6.33022156e+002
  6.45929688e+002 6.32599731e+002 6.77168152e+002 6.31981384e+002
  3.57683777e+002 6.79992310e+002 3.97333984e+002 6.78969543e+002
  4.36039276e+002 6.77977356e+002 4.73701904e+002 6.76985779e+002
  5.10699371e+002 6.75928101e+002 5.45632141e+002 6.74741272e+002
  5.79268372e+002 6.73390503e+002 6.11994629e+002 6.72160889e+002
  6.44102539e+002 6.70848633e+002 6.75513306e+002 6.69656555e+002
  3.58462677e+002 7.23271973e+002 3.98150513e+002 7.21705566e+002
  4.36449158e+002 7.20168945e+002 4.73425720e+002 7.18403381e+002
  5.09533691e+002 7.16614380e+002 5.45133606e+002 7.14873474e+002
  5.78496887e+002 7.12821777e+002 6.11588867e+002 7.11026733e+002
  6.44908203e+002 7.09397400e+002 6.76455505e+002 7.07519043e+002
  3.59205475e+002 7.66077332e+002 3.98135376e+002 7.63875366e+002
  4.36185120e+002 7.61573975e+002 4.73246246e+002 7.59318237e+002
  5.09306946e+002 7.56977234e+002 5.44252258e+002 7.54608521e+002
  5.78372314e+002 7.52222473e+002 6.11618286e+002 7.49771179e+002
  6.44465820e+002 7.47458801e+002 6.75886536e+002 7.45029846e+002</camera>
<projector>
  1.39239044e+002 4.09331757e+002 1.82071381e+002 4.13635803e+002
  2.24311966e+002 4.17894379e+002 2.65632141e+002 4.23231964e+002
  3.06034332e+002 4.27294098e+002 3.45737976e+002 4.32405060e+002
  3.85840271e+002 4.36430176e+002 4.24058197e+002 4.40361084e+002
  4.62692963e+002 4.45289795e+002 4.99698547e+002 4.49193481e+002
  1.37303818e+002 4.51263489e+002 1.81118683e+002 4.55709198e+002
  2.22140045e+002 4.60199585e+002 2.63453705e+002 4.63680237e+002
  3.05027710e+002 4.68181885e+002 3.45648956e+002 4.72476105e+002
  3.84715424e+002 4.76761841e+002 4.23013367e+002 4.79942932e+002
  4.61817902e+002 4.84332581e+002 4.98790833e+002 4.88554626e+002
  1.35222748e+002 4.94236237e+002 1.78850571e+002 4.97783478e+002
  2.21896301e+002 5.01502045e+002 2.63076843e+002 5.05168335e+002
  3.03526031e+002 5.08823425e+002 3.44104309e+002 5.13356384e+002
  3.84190826e+002 5.16996704e+002 4.23752197e+002 5.20596130e+002
  4.61555420e+002 5.24208923e+002 4.98845215e+002 5.27838562e+002
  1.33829742e+002 5.37378540e+002 1.77599884e+002 5.40182190e+002
  2.19508179e+002 5.44002258e+002 2.61609070e+002 5.46822571e+002
  3.03010223e+002 5.50719727e+002 3.43830261e+002 5.53651489e+002
  3.83161224e+002 5.57632019e+002 4.20654083e+002 5.60567810e+002
  4.59511505e+002 5.64456665e+002 4.96800812e+002 5.67295776e+002
  1.32266739e+002 5.79781006e+002 1.75074158e+002 5.82795593e+002
  2.18033813e+002 5.85779358e+002 2.60151031e+002 5.88821167e+002
  3.01648499e+002 5.91971252e+002 3.41736542e+002 5.95313904e+002
  3.80212006e+002 5.97589355e+002 4.18860596e+002 6.00889465e+002
  4.56595947e+002 6.03958191e+002 4.94887756e+002 6.07153503e+002
  1.29938446e+002 6.22140076e+002 1.73935501e+002 6.25321838e+002
  2.16123032e+002 6.27679443e+002 2.57623718e+002 6.30107727e+002
  2.99502899e+002 6.33751892e+002 3.39478973e+002 6.36203552e+002
  3.77944366e+002 6.38752014e+002 4.17710449e+002 6.41182922e+002
  4.56342133e+002 6.43453674e+002 4.93473114e+002 6.46726929e+002
  1.28669067e+002 6.65143127e+002 1.71976166e+002 6.67756592e+002
  2.14359314e+002 6.70261536e+002 2.56073303e+002 6.72031860e+002
  2.96905609e+002 6.74727295e+002 3.37096802e+002 6.77470642e+002
  3.76644104e+002 6.79165100e+002 4.16310944e+002 6.81921387e+002
  4.54004822e+002 6.83208923e+002 4.92333099e+002 6.85862549e+002</projector>
</opencv_storage>
