<?xml version="1.0"?>
<opencv_storage>
<world>
  0. 0. 0. 24. 0. 0. 48. 0. 0. 72. 0. 0. 96. 0. 0. 120. 0. 0. 144. 0. 0.
  168. 0. 0. 192. 0. 0. 216. 0. 0. 0. 24. 0. 24. 24. 0. 48. 24. 0. 72.
  24. 0. 96. 24. 0. 120. 24. 0. 144. 24. 0. 168. 24. 0. 192. 24. 0. 216.
  24. 0. 0. 48. 0. 24. 48. 0. 48. 48. 0. 72. 48. 0. 96. 48. 0. 120. 48.
  0. 144. 48. 0. 168. 48. 0. 192. 48. 0. 216. 48. 0. 0. 72. 0. 24. 72.
  0. 48. 72. 0. 72. 72. 0. 96. 72. 0. 120. 72. 0. 144. 72. 0. 168. 72.
  0. 192. 72. 0. 216. 72. 0. 0. 96. 0. 24. 96. 0. 48. 96. 0. 72. 96. 0.
  96. 96. 0. 120. 96. 0. 144. 96. 0. 168. 96. 0. 192. 96. 0. 216. 96. 0.
  0. 120. 0. 24. 120. 0. 48. 120. 0. 72. 120. 0. 96. 120. 0. 120. 120.
  0. 144. 120. 0. 168. 120. 0. 192. 120. 0. 216. 120. 0. 0. 144. 0. 24.
  144. 0. 48. 144. 0. 72. 144. 0. 96. 144. 0. 120. 144. 0. 144. 144. 0.
  168. 144. 0. 192. 144. 0. 216. 144. 0.</world>
<camera>
  8.01422363e+002 4.98490540e+002 8.42596985e+002 4.99489716e+002
  8.82745178e+002 5.00547668e+002 9.22293579e+002 5.01686218e+002
  9.60749695e+002 5.03059631e+002 9.98547546e+002 5.04314911e+002
  1.03536633e+003 5.05479340e+002 1.07123560e+003 5.06698761e+002
  1.10635278e+003 5.07931732e+002 1.14021252e+003 5.09254364e+002
  8.00757446e+002 5.41462585e+002 8.42514038e+002 5.42171814e+002
  8.82546143e+002 5.42747253e+002 9.22002563e+002 5.43480469e+002
  9.60670837e+002 5.44412354e+002 9.98738586e+002 5.45198181e+002
  1.03557764e+003 5.45806824e+002 1.07129333e+003 5.46664307e+002
  1.10633691e+003 5.47398743e+002 1.13976270e+003 5.48308289e+002
  8.00366821e+002 5.84613831e+002 8.42185791e+002 5.84880310e+002
  8.82629761e+002 5.85211914e+002 9.22450439e+002 5.85463196e+002
  9.60948975e+002 5.85770691e+002 9.99368225e+002 5.86182495e+002
  1.03653442e+003 5.86480652e+002 1.07235657e+003 5.86736328e+002
  1.10685718e+003 5.87073853e+002 1.14042529e+003 5.87329102e+002
  7.99612122e+002 6.27512024e+002 8.41375610e+002 6.27569702e+002
  8.82102783e+002 6.27405334e+002 9.22344238e+002 6.27434143e+002
  9.61230286e+002 6.27380371e+002 9.99177551e+002 6.27284241e+002
  1.03577869e+003 6.27007202e+002 1.07078040e+003 6.26626709e+002
  1.10617822e+003 6.26601196e+002 1.13961768e+003 6.26402527e+002
  7.98950684e+002 6.70415588e+002 8.40534302e+002 6.70070862e+002
  8.81312927e+002 6.69598267e+002 9.21300537e+002 6.69322876e+002
  9.60473389e+002 6.68777466e+002 9.97977600e+002 6.68217590e+002
  1.03410181e+003 6.67290222e+002 1.06930042e+003 6.66527649e+002
  1.10387939e+003 6.65704834e+002 1.13775879e+003 6.65082214e+002
  7.98605286e+002 7.13017822e+002 8.40384338e+002 7.12549377e+002
  8.80684937e+002 7.11622620e+002 9.20232300e+002 7.10681213e+002
  9.58631104e+002 7.09649109e+002 9.96542114e+002 7.08708740e+002
  1.03252039e+003 7.07377747e+002 1.06828748e+003 7.06270325e+002
  1.10378540e+003 7.05163757e+002 1.13760010e+003 7.03929443e+002
  7.98234863e+002 7.55270386e+002 8.39227234e+002 7.54328796e+002
  8.79474609e+002 7.53000732e+002 9.18695740e+002 7.51682739e+002
  9.57245422e+002 7.50398438e+002 9.94631836e+002 7.48744568e+002
  1.03130872e+003 7.47230286e+002 1.06709399e+003 7.45692871e+002
  1.10239929e+003 7.44195618e+002 1.13630847e+003 7.42489502e+002</camera>
<projector>
  5.74378296e+002 4.01060303e+002 6.19021179e+002 4.02812103e+002
  6.62275635e+002 4.05151093e+002 7.05520691e+002 4.06652466e+002
  7.49343140e+002 4.08071808e+002 7.93205811e+002 4.09536957e+002
  8.35619507e+002 4.10894684e+002 8.78964905e+002 4.13385162e+002
  9.22211792e+002 4.14743774e+002 9.65598022e+002 4.16232056e+002
  5.73616943e+002 4.44918701e+002 6.17651001e+002 4.46257996e+002
  6.61070435e+002 4.48288086e+002 7.04268799e+002 4.49068481e+002
  7.48068542e+002 4.50861664e+002 7.91573792e+002 4.52695862e+002
  8.35213135e+002 4.54517090e+002 8.77593140e+002 4.56361084e+002
  9.21027405e+002 4.57305817e+002 9.64520569e+002 4.59284851e+002
  5.71570801e+002 4.89180847e+002 6.15605896e+002 4.90120605e+002
  6.59678223e+002 4.91114349e+002 7.02663086e+002 4.92324188e+002
  7.46549316e+002 4.94503937e+002 7.89886475e+002 4.95561035e+002
  8.34725281e+002 4.96896973e+002 8.77091492e+002 4.99207428e+002
  9.20819641e+002 5.00767456e+002 9.63310181e+002 5.02150055e+002
  5.70957275e+002 5.32912537e+002 6.13978088e+002 5.34097168e+002
  6.57985535e+002 5.34406677e+002 7.01528625e+002 5.35777527e+002
  7.45244690e+002 5.37207458e+002 7.88919189e+002 5.38903015e+002
  8.33024475e+002 5.40766785e+002 8.75812317e+002 5.42756897e+002
  9.19247070e+002 5.44550110e+002 9.63074463e+002 5.45542664e+002
  5.69226685e+002 5.75710571e+002 6.13521240e+002 5.77412720e+002
  6.56298279e+002 5.78920410e+002 6.99996826e+002 5.79587158e+002
  7.43617126e+002 5.81493042e+002 7.87682983e+002 5.82714966e+002
  8.31053833e+002 5.84138489e+002 8.73858765e+002 5.86616760e+002
  9.17350464e+002 5.87908142e+002 9.60829651e+002 5.89143188e+002
  5.68106995e+002 6.19635620e+002 6.11310425e+002 6.21466248e+002
  6.55571899e+002 6.22591980e+002 6.98717896e+002 6.23907288e+002
  7.42914978e+002 6.25501343e+002 7.86850830e+002 6.27041687e+002
  8.30067871e+002 6.27693054e+002 8.72684509e+002 6.29314575e+002
  9.16880310e+002 6.30804810e+002 9.60520813e+002 6.32552490e+002
  5.66275085e+002 6.63028442e+002 6.09935059e+002 6.64405518e+002
  6.53366028e+002 6.65899170e+002 6.97821716e+002 6.67726807e+002
  7.40886597e+002 6.68404907e+002 7.85126465e+002 6.70457947e+002
  8.27927368e+002 6.71433350e+002 8.71608521e+002 6.73486816e+002
  9.14834717e+002 6.74302063e+002 9.58244263e+002 6.75313538e+002</projector>
</opencv_storage>
