<?xml version="1.0"?>
<opencv_storage>
<world>
  0. 0. 0. 24. 0. 0. 48. 0. 0. 72. 0. 0. 96. 0. 0. 120. 0. 0. 144. 0. 0.
  168. 0. 0. 192. 0. 0. 216. 0. 0. 0. 24. 0. 24. 24. 0. 48. 24. 0. 72.
  24. 0. 96. 24. 0. 120. 24. 0. 144. 24. 0. 168. 24. 0. 192. 24. 0. 216.
  24. 0. 0. 48. 0. 24. 48. 0. 48. 48. 0. 72. 48. 0. 96. 48. 0. 120. 48.
  0. 144. 48. 0. 168. 48. 0. 192. 48. 0. 216. 48. 0. 0. 72. 0. 24. 72.
  0. 48. 72. 0. 72. 72. 0. 96. 72. 0. 120. 72. 0. 144. 72. 0. 168. 72.
  0. 192. 72. 0. 216. 72. 0. 0. 96. 0. 24. 96. 0. 48. 96. 0. 72. 96. 0.
  96. 96. 0. 120. 96. 0. 144. 96. 0. 168. 96. 0. 192. 96. 0. 216. 96. 0.
  0. 120. 0. 24. 120. 0. 48. 120. 0. 72. 120. 0. 96. 120. 0. 120. 120.
  0. 144. 120. 0. 168. 120. 0. 192. 120. 0. 216. 120. 0. 0. 144. 0. 24.
  144. 0. 48. 144. 0. 72. 144. 0. 96. 144. 0. 120. 144. 0. 144. 144. 0.
  168. 144. 0. 192. 144. 0. 216. 144. 0.</world>
<camera>
  1.10843665e+003 5.02357178e+002 1.14580554e+003 5.02594177e+002
  1.18312512e+003 5.02722595e+002 1.22039172e+003 5.03219299e+002
  1.25718457e+003 5.03537231e+002 1.29388062e+003 5.04111664e+002
  1.33031250e+003 5.04588104e+002 1.36624451e+003 5.05106171e+002
  1.40169983e+003 5.05549530e+002 1.43664539e+003 5.06292450e+002
  1.10831848e+003 5.40337097e+002 1.14568921e+003 5.40506897e+002
  1.18287708e+003 5.40717224e+002 1.22028809e+003 5.41216492e+002
  1.25709790e+003 5.41553650e+002 1.29405591e+003 5.41972900e+002
  1.33040051e+003 5.42474121e+002 1.36630322e+003 5.42890747e+002
  1.40176038e+003 5.43341492e+002 1.43659229e+003 5.43799133e+002
  1.10794812e+003 5.78354980e+002 1.14540369e+003 5.78640503e+002
  1.18264917e+003 5.78847168e+002 1.22017334e+003 5.79288513e+002
  1.25689722e+003 5.79624939e+002 1.29398914e+003 5.80091675e+002
  1.33045288e+003 5.80432434e+002 1.36645837e+003 5.80762817e+002
  1.40195544e+003 5.81208069e+002 1.43670520e+003 5.81520325e+002
  1.10750061e+003 6.16213562e+002 1.14483069e+003 6.16556580e+002
  1.18234436e+003 6.16908386e+002 1.21962939e+003 6.17381592e+002
  1.25661438e+003 6.17755310e+002 1.29344641e+003 6.18183044e+002
  1.32987610e+003 6.18455811e+002 1.36549207e+003 6.18567383e+002
  1.40107935e+003 6.18834839e+002 1.43607910e+003 6.19121277e+002
  1.10686511e+003 6.53828979e+002 1.14438733e+003 6.54462585e+002
  1.18161243e+003 6.54821716e+002 1.21869067e+003 6.55389771e+002
  1.25583862e+003 6.55738586e+002 1.29250781e+003 6.56111145e+002
  1.32855371e+003 6.56160706e+002 1.36430261e+003 6.56279724e+002
  1.39961157e+003 6.56382263e+002 1.43452515e+003 6.56458740e+002
  1.10626685e+003 6.91470459e+002 1.14342395e+003 6.92273987e+002
  1.18061658e+003 6.92627625e+002 1.21778076e+003 6.93015381e+002
  1.25453564e+003 6.93343628e+002 1.29115161e+003 6.93600159e+002
  1.32717383e+003 6.93613159e+002 1.36282874e+003 6.93636536e+002
  1.39862915e+003 6.93848572e+002 1.43355054e+003 6.93794800e+002
  1.10529187e+003 7.28771790e+002 1.14251038e+003 7.29440369e+002
  1.17949866e+003 7.29895447e+002 1.21652209e+003 7.30445984e+002
  1.25317688e+003 7.30616516e+002 1.28976111e+003 7.30782104e+002
  1.32591406e+003 7.30880737e+002 1.36156458e+003 7.31042908e+002
  1.39686560e+003 7.31026611e+002 1.43194189e+003 7.30925598e+002</camera>
<projector>
  9.46267517e+002 4.16504578e+002 9.86866333e+002 4.14716431e+002
  1.02756665e+003 4.11917053e+002 1.06921619e+003 4.08955353e+002
  1.11163171e+003 4.06998291e+002 1.15531384e+003 4.03873016e+002
  1.19899768e+003 4.01790680e+002 1.24382471e+003 3.98381775e+002
  1.29018665e+003 3.96112061e+002 1.33679321e+003 3.92610199e+002
  9.45495972e+002 4.58731476e+002 9.85791016e+002 4.57144470e+002
  1.02654163e+003 4.54692932e+002 1.06813367e+003 4.52134735e+002
  1.11053687e+003 4.50654785e+002 1.15386987e+003 4.47787384e+002
  1.19763086e+003 4.45094757e+002 1.24265894e+003 4.43420959e+002
  1.28912500e+003 4.40569763e+002 1.33599829e+003 4.38853638e+002
  9.45046326e+002 5.00954559e+002 9.84038452e+002 4.99682251e+002
  1.02540942e+003 4.97337433e+002 1.06679138e+003 4.95130493e+002
  1.10927283e+003 4.93995819e+002 1.15253113e+003 4.91637360e+002
  1.19605762e+003 4.89338989e+002 1.24111670e+003 4.88220184e+002
  1.28757336e+003 4.86002502e+002 1.33526318e+003 4.85113403e+002
  9.44846619e+002 5.43316040e+002 984. 5.42337036e+002 1.02416504e+003
  5.40381958e+002 1.06618298e+003 5.38286682e+002 1.10840112e+003
  5.37511353e+002 1.15075574e+003 5.35672668e+002 1.19601880e+003
  5.34027344e+002 1.24022705e+003 5.33788208e+002 1.28692346e+003
  5.31960083e+002 1.33397852e+003 5.30461060e+002 9.43837402e+002
  5.85882263e+002 9.83108154e+002 5.84212830e+002 1.02424561e+003
  5.83538818e+002 1.06523499e+003 5.81844299e+002 1.10744714e+003
  5.81520752e+002 1.15141150e+003 5.80296570e+002 1.19590454e+003
  5.79352234e+002 1.24017029e+003 5.78316162e+002 1.28659558e+003
  5.77115417e+002 1.33367114e+003 5.76013916e+002 9.42605408e+002
  6.27379333e+002 9.81812805e+002 6.27038513e+002 1.02323883e+003
  6.26912170e+002 1.06480603e+003 6.25837280e+002 1.10750830e+003
  6.24997925e+002 1.15013098e+003 6.25302185e+002 1.19452747e+003
  6.24720764e+002 1.23979810e+003 6.24027832e+002 1.28599634e+003
  6.23128967e+002 1.33268970e+003 6.22527588e+002 9.41746216e+002
  6.70380737e+002 9.82478638e+002 6.69391357e+002 1.02194183e+003
  6.69702637e+002 1.06474219e+003 6.69103882e+002 1.10635559e+003
  6.69702332e+002 1.15041272e+003 6.69357117e+002 1.19449731e+003
  6.69126038e+002 1.23961218e+003 6.68807068e+002 1.28457410e+003
  6.68606750e+002 1.33135461e+003 6.68497131e+002</projector>
</opencv_storage>
