<?xml version="1.0"?>
<opencv_storage>
<world>
  0. 0. 0. 24. 0. 0. 48. 0. 0. 72. 0. 0. 96. 0. 0. 120. 0. 0. 144. 0. 0.
  168. 0. 0. 192. 0. 0. 216. 0. 0. 0. 24. 0. 24. 24. 0. 48. 24. 0. 72.
  24. 0. 96. 24. 0. 120. 24. 0. 144. 24. 0. 168. 24. 0. 192. 24. 0. 216.
  24. 0. 0. 48. 0. 24. 48. 0. 48. 48. 0. 72. 48. 0. 96. 48. 0. 120. 48.
  0. 144. 48. 0. 168. 48. 0. 192. 48. 0. 216. 48. 0. 0. 72. 0. 24. 72.
  0. 48. 72. 0. 72. 72. 0. 96. 72. 0. 120. 72. 0. 144. 72. 0. 168. 72.
  0. 192. 72. 0. 216. 72. 0. 0. 96. 0. 24. 96. 0. 48. 96. 0. 72. 96. 0.
  96. 96. 0. 120. 96. 0. 144. 96. 0. 168. 96. 0. 192. 96. 0. 216. 96. 0.
  0. 120. 0. 24. 120. 0. 48. 120. 0. 72. 120. 0. 96. 120. 0. 120. 120.
  0. 144. 120. 0. 168. 120. 0. 192. 120. 0. 216. 120. 0. 0. 144. 0. 24.
  144. 0. 48. 144. 0. 72. 144. 0. 96. 144. 0. 120. 144. 0. 144. 144. 0.
  168. 144. 0. 192. 144. 0. 216. 144. 0.</world>
<camera>
  3.45717834e+002 2.02239822e+002 3.82218353e+002 2.04228409e+002
  4.18370209e+002 2.06457169e+002 4.54280182e+002 2.09032471e+002
  4.89961700e+002 2.11409729e+002 5.25401489e+002 2.14150223e+002
  5.60489502e+002 2.17095413e+002 5.95221191e+002 2.19897385e+002
  6.29459412e+002 2.23084778e+002 6.63218079e+002 2.26194702e+002
  3.43060303e+002 2.38514328e+002 3.79618744e+002 2.40017532e+002
  4.15939514e+002 2.42150955e+002 4.52116608e+002 2.44474304e+002
  4.88053955e+002 2.46767212e+002 5.23814636e+002 2.49151932e+002
  5.59183044e+002 2.51676102e+002 5.93706665e+002 2.54500183e+002
  6.28269348e+002 2.57356232e+002 6.61810303e+002 2.60446075e+002
  3.40384918e+002 2.75414063e+002 3.77444397e+002 2.76611450e+002
  4.13946655e+002 2.78265228e+002 4.50494598e+002 2.80173737e+002
  4.86556641e+002 2.82385345e+002 5.22699768e+002 2.84399414e+002
  5.58252014e+002 2.86708771e+002 5.93320129e+002 2.89317780e+002
  6.27572571e+002 2.91810760e+002 6.61473877e+002 2.94796387e+002
  3.38109314e+002 3.12658325e+002 3.75216064e+002 3.13683594e+002
  4.11914032e+002 3.15226990e+002 4.48724426e+002 3.16700012e+002
  4.85292023e+002 3.18501129e+002 5.21309021e+002 3.20449432e+002
  5.56748657e+002 3.22650513e+002 5.91493164e+002 3.25043396e+002
  6.26385193e+002 3.27322266e+002 6.60298706e+002 3.29678894e+002
  3.35961029e+002 3.50328583e+002 3.73200012e+002 3.51409760e+002
  4.10058716e+002 3.52540833e+002 4.46947266e+002 3.53832428e+002
  4.83493195e+002 3.55426910e+002 5.19529480e+002 3.57292633e+002
  5.54811218e+002 3.59301636e+002 5.89669189e+002 3.61220673e+002
  6.24393372e+002 3.63290466e+002 6.58591858e+002 3.65330231e+002
  3.34259064e+002 3.88130646e+002 3.71480103e+002 3.88960754e+002
  4.08569550e+002 3.90019684e+002 4.45327179e+002 3.91388306e+002
  4.81655457e+002 3.92805359e+002 5.17897217e+002 3.94346954e+002
  5.53398682e+002 3.95828217e+002 5.88545837e+002 3.97479004e+002
  6.23837341e+002 3.99089325e+002 6.58331177e+002 4.00768951e+002
  3.32730225e+002 4.26340881e+002 3.69793274e+002 4.27164612e+002
  4.07009827e+002 4.27945557e+002 4.43658783e+002 4.29151764e+002
  4.80250519e+002 4.30291931e+002 5.16457947e+002 4.31484589e+002
  5.52195374e+002 4.32811554e+002 5.87566711e+002 4.34076721e+002
  6.22811462e+002 4.35391296e+002 6.57377014e+002 4.36712433e+002</camera>
<projector>
  1.51498001e+002 1.15938347e+002 1.91241089e+002 1.19098053e+002
  2.31018661e+002 1.22017044e+002 2.70767853e+002 1.25965485e+002
  3.10519318e+002 1.28637527e+002 3.49368622e+002 1.32260620e+002
  3.88315796e+002 1.35540894e+002 4.27368927e+002 1.38821564e+002
  4.65543915e+002 1.41980789e+002 5.04165100e+002 1.44989594e+002
  1.49845108e+002 1.55712601e+002 1.90220856e+002 1.57850586e+002
  2.29851471e+002 1.60869415e+002 2.69505463e+002 1.63805695e+002
  3.08997131e+002 1.67605957e+002 3.48556763e+002 1.70128342e+002
  3.87427490e+002 1.73669785e+002 4.26431702e+002 1.77072723e+002
  4.64455963e+002 1.79337631e+002 5.03057281e+002 1.82588394e+002
  1.47933853e+002 1.93951157e+002 1.88163025e+002 1.97147995e+002
  2.28440277e+002 1.99122086e+002 2.67731720e+002 2.02152588e+002
  3.08303467e+002 2.04983368e+002 3.47544800e+002 2.07576080e+002
  3.86182587e+002 2.11270004e+002 4.25021637e+002 2.13757065e+002
  4.64286377e+002 2.17340775e+002 5.01608887e+002 2.20753403e+002
  1.46911972e+002 2.33942490e+002 1.87035614e+002 2.36103470e+002
  2.27166275e+002 2.38199295e+002 2.67192780e+002 2.41199280e+002
  3.06421967e+002 2.44188599e+002 3.45619598e+002 2.45895065e+002
  3.85423706e+002 2.49739365e+002 4.23179932e+002 2.52597137e+002
  4.62149994e+002 2.55138428e+002 5.00516571e+002 2.58802643e+002
  1.45759308e+002 2.72562531e+002 1.85730942e+002 2.74808136e+002
  2.25700104e+002 2.77931641e+002 2.65584564e+002 2.79964203e+002
  3.04600311e+002 2.81947632e+002 3.45076630e+002 2.85040955e+002
  3.83833435e+002 2.88031128e+002 4.22597595e+002 2.91079407e+002
  4.60414551e+002 2.93780731e+002 4.99542297e+002 2.96492065e+002
  1.44050369e+002 3.11767761e+002 1.83936874e+002 3.14056915e+002
  2.24987106e+002 3.16322662e+002 2.63965454e+002 3.18557709e+002
  3.04156403e+002 3.21815155e+002 3.43353943e+002 3.23922546e+002
  3.81945190e+002 3.27163910e+002 4.21584320e+002 3.29079681e+002
  4.60024658e+002 3.31891113e+002 4.97948242e+002 3.34852783e+002
  1.43377991e+002 3.50811646e+002 1.83380463e+002 3.53280762e+002
  2.23284225e+002 3.55689026e+002 2.63342041e+002 3.58046051e+002
  3.02303558e+002 3.60281769e+002 3.41510406e+002 3.62581360e+002
  3.80887115e+002 3.65876373e+002 4.20357635e+002 3.67974365e+002
  4.58799683e+002 3.69911835e+002 4.96616058e+002 3.72947174e+002</projector>
</opencv_storage>
