<?xml version="1.0"?>
<opencv_storage>
<world>
  0. 0. 0. 24. 0. 0. 48. 0. 0. 72. 0. 0. 96. 0. 0. 120. 0. 0. 144. 0. 0.
  168. 0. 0. 192. 0. 0. 216. 0. 0. 0. 24. 0. 24. 24. 0. 48. 24. 0. 72.
  24. 0. 96. 24. 0. 120. 24. 0. 144. 24. 0. 168. 24. 0. 192. 24. 0. 216.
  24. 0. 0. 48. 0. 24. 48. 0. 48. 48. 0. 72. 48. 0. 96. 48. 0. 120. 48.
  0. 144. 48. 0. 168. 48. 0. 192. 48. 0. 216. 48. 0. 0. 72. 0. 24. 72.
  0. 48. 72. 0. 72. 72. 0. 96. 72. 0. 120. 72. 0. 144. 72. 0. 168. 72.
  0. 192. 72. 0. 216. 72. 0. 0. 96. 0. 24. 96. 0. 48. 96. 0. 72. 96. 0.
  96. 96. 0. 120. 96. 0. 144. 96. 0. 168. 96. 0. 192. 96. 0. 216. 96. 0.
  0. 120. 0. 24. 120. 0. 48. 120. 0. 72. 120. 0. 96. 120. 0. 120. 120.
  0. 144. 120. 0. 168. 120. 0. 192. 120. 0. 216. 120. 0. 0. 144. 0. 24.
  144. 0. 48. 144. 0. 72. 144. 0. 96. 144. 0. 120. 144. 0. 144. 144. 0.
  168. 144. 0. 192. 144. 0. 216. 144. 0.</world>
<camera>
  1.31689905e+003 6.01216492e+002 1.27660876e+003 6.02198425e+002
  1.23520837e+003 6.03691223e+002 1.19278760e+003 6.05139771e+002
  1.14958679e+003 6.05977173e+002 1.10551233e+003 6.07200867e+002
  1.06065881e+003 6.08331848e+002 1.01532971e+003 6.09259338e+002
  9.69088928e+002 6.10230042e+002 9.22572815e+002 6.11330139e+002
  1.30665820e+003 5.66390747e+002 1.26724304e+003 5.66155334e+002
  1.22636426e+003 5.67419495e+002 1.18461487e+003 5.68603699e+002
  1.14215698e+003 5.69285461e+002 1.09896130e+003 5.69553101e+002
  1.05479846e+003 5.70575378e+002 1.01018378e+003 5.71647400e+002
  9.64717102e+002 5.72633179e+002 9.19123413e+002 5.74164734e+002
  1.29629980e+003 5.32775757e+002 1.25776904e+003 5.31538879e+002
  1.21788733e+003 5.31713928e+002 1.17694421e+003 5.32311035e+002
  1.13504968e+003 5.33118408e+002 1.09256921e+003 5.32808899e+002
  1.04931262e+003 5.33316284e+002 1.00544434e+003 5.34272339e+002
  9.60652832e+002 5.35400818e+002 9.16030334e+002 5.37111633e+002
  1.28623975e+003 5.00603210e+002 1.24813550e+003 4.99385742e+002
  1.20896826e+003 4.99233917e+002 1.16893469e+003 4.98327820e+002
  1.12792896e+003 4.98336792e+002 1.08599646e+003 4.98510498e+002
  1.04342419e+003 4.99564148e+002 1.00012268e+003 5.01323730e+002
  9.56591492e+002 5.01547394e+002 9.12507935e+002 5.02928131e+002
  1.27613440e+003 4.69656860e+002 1.23842407e+003 4.68831818e+002
  1.20018262e+003 4.67540405e+002 1.16070776e+003 4.66837006e+002
  1.12055078e+003 4.66148468e+002 1.07928992e+003 4.66889587e+002
  1.03730750e+003 4.68642242e+002 9.94994019e+002 4.69834656e+002
  9.52309204e+002 4.70962372e+002 9.09173889e+002 4.71536743e+002
  1.26667822e+003 4.39321838e+002 1.22962659e+003 4.37531219e+002
  1.19183838e+003 4.36958771e+002 1.15259656e+003 4.37113129e+002
  1.11290210e+003 4.37185974e+002 1.07250806e+003 4.36972137e+002
  1.03146057e+003 4.38535309e+002 9.90022766e+002 4.39178772e+002
  9.48362915e+002 4.38402405e+002 9.06164429e+002 4.38903137e+002
  1.25716833e+003 4.10628662e+002 1.22032300e+003 4.09583069e+002
  1.18297302e+003 4.08999054e+002 1.14457947e+003 4.08707245e+002
  1.10564746e+003 4.08549286e+002 1.06594861e+003 4.08807861e+002
  1.02575830e+003 4.09150757e+002 9.85312378e+002 4.09135010e+002
  9.44212769e+002 4.08864380e+002 9.02907227e+002 4.09254852e+002</camera>
<projector>
  1.07824902e+003 4.74134094e+002 1.02850146e+003 4.75969910e+002
  9.78732971e+002 4.78634033e+002 9.30687195e+002 4.80794739e+002
  8.82044250e+002 4.81895874e+002 8.34367676e+002 4.83846802e+002
  7.87216553e+002 4.85382782e+002 7.39643127e+002 4.87033508e+002
  6.93388123e+002 4.88744019e+002 6.48093079e+002 4.90613251e+002
  1.07944238e+003 4.41233246e+002 1.03028333e+003 4.42344360e+002
  9.81306885e+002 4.44180359e+002 9.33636841e+002 4.47412689e+002
  8.85961487e+002 4.48514252e+002 8.38635620e+002 4.50368469e+002
  7.92051575e+002 4.52425873e+002 7.45521973e+002 4.54527283e+002
  7.00011169e+002 4.56575989e+002 6.54729614e+002 4.58675354e+002
  1.07941663e+003 4.09796753e+002 1.03231519e+003 4.09880188e+002
  9.84430298e+002 4.11229034e+002 9.37072876e+002 4.12795868e+002
  8.89859619e+002 4.15217407e+002 8.43492310e+002 4.16440491e+002
  7.96771606e+002 4.17930878e+002 7.51131592e+002 4.20195679e+002
  7.06571289e+002 4.22722107e+002 6.61986938e+002 4.25990845e+002
  1.08144568e+003 3.79191864e+002 1.03416504e+003 3.78736694e+002
  9.86950867e+002 3.80361908e+002 9.40322937e+002 3.81023163e+002
  8.93719788e+002 3.82591339e+002 8.47206787e+002 3.85249237e+002
  8.01579285e+002 3.88049652e+002 7.57197449e+002 3.90888733e+002
  7.13046997e+002 3.93388916e+002 6.69301697e+002 3.96094452e+002
  1.08230383e+003 3.49098999e+002 1.03504089e+003 3.50247314e+002
  9.88910034e+002 3.50968719e+002 9.43277588e+002 3.51856781e+002
  8.97811157e+002 3.52810547e+002 8.51592834e+002 3.55938171e+002
  8.06911499e+002 3.60128113e+002 7.63087402e+002 3.63205383e+002
  7.18722961e+002 3.65860260e+002 6.75197021e+002 3.68633148e+002
  1.08436743e+003 3.18460449e+002 1.03798950e+003 3.19831604e+002
  9.92084351e+002 3.21045166e+002 9.46291565e+002 3.23506287e+002
  9.00990356e+002 3.25919556e+002 8.56812195e+002 3.28203094e+002
  8.11518555e+002 3.32595032e+002 7.68469299e+002 3.34631866e+002
  7.24771606e+002 3.35516785e+002 6.81851563e+002 3.38407074e+002
  1.08445813e+003 2.90757263e+002 1.03848120e+003 2.92578339e+002
  9.93929688e+002 2.94071442e+002 9.49291443e+002 2.96816345e+002
  9.04787048e+002 2.99369659e+002 8.60418335e+002 3.02006714e+002
  8.17215698e+002 3.04402954e+002 7.73455200e+002 3.06697540e+002
  7.30329712e+002 3.08656769e+002 6.88322571e+002 3.10718750e+002</projector>
</opencv_storage>
