<?xml version="1.0"?>
<opencv_storage>
<world>
  0. 0. 0. 24. 0. 0. 48. 0. 0. 72. 0. 0. 96. 0. 0. 120. 0. 0. 144. 0. 0.
  168. 0. 0. 192. 0. 0. 216. 0. 0. 0. 24. 0. 24. 24. 0. 48. 24. 0. 72.
  24. 0. 96. 24. 0. 120. 24. 0. 144. 24. 0. 168. 24. 0. 192. 24. 0. 216.
  24. 0. 0. 48. 0. 24. 48. 0. 48. 48. 0. 72. 48. 0. 96. 48. 0. 120. 48.
  0. 144. 48. 0. 168. 48. 0. 192. 48. 0. 216. 48. 0. 0. 72. 0. 24. 72.
  0. 48. 72. 0. 72. 72. 0. 96. 72. 0. 120. 72. 0. 144. 72. 0. 168. 72.
  0. 192. 72. 0. 216. 72. 0. 0. 96. 0. 24. 96. 0. 48. 96. 0. 72. 96. 0.
  96. 96. 0. 120. 96. 0. 144. 96. 0. 168. 96. 0. 192. 96. 0. 216. 96. 0.
  0. 120. 0. 24. 120. 0. 48. 120. 0. 72. 120. 0. 96. 120. 0. 120. 120.
  0. 144. 120. 0. 168. 120. 0. 192. 120. 0. 216. 120. 0. 0. 144. 0. 24.
  144. 0. 48. 144. 0. 72. 144. 0. 96. 144. 0. 120. 144. 0. 144. 144. 0.
  168. 144. 0. 192. 144. 0. 216. 144. 0.</world>
<camera>
  1.04107739e+003 4.42858459e+002 1.06509204e+003 4.31141876e+002
  1.08744775e+003 4.20138794e+002 1.10879004e+003 4.09678864e+002
  1.12958630e+003 3.99620575e+002 1.14907874e+003 3.90054260e+002
  1.16791675e+003 3.80952820e+002 1.18587109e+003 3.72250946e+002
  1.20321448e+003 3.63848511e+002 1.21944958e+003 3.55855835e+002
  1.05828210e+003 4.82552795e+002 1.08279749e+003 4.69631348e+002
  1.10456042e+003 4.57653381e+002 1.12547827e+003 4.46507050e+002
  1.14584985e+003 4.35586609e+002 1.16573535e+003 4.25073425e+002
  1.18394458e+003 4.15199707e+002 1.20123572e+003 4.05948608e+002
  1.21790283e+003 3.96860809e+002 1.23353235e+003 3.88526947e+002
  1.07528357e+003 5.22255371e+002 1.09990186e+003 5.08187073e+002
  1.12234924e+003 4.95121796e+002 1.14320789e+003 4.82802521e+002
  1.16278577e+003 4.71424011e+002 1.18258521e+003 4.59736877e+002
  1.20094995e+003 4.49176483e+002 1.21786975e+003 4.38953827e+002
  1.23385303e+003 4.29543884e+002 1.24875684e+003 4.20516632e+002
  1.09164990e+003 5.61650330e+002 1.11579248e+003 5.46895386e+002
  1.13789185e+003 5.32865540e+002 1.15962036e+003 5.19557068e+002
  1.17945239e+003 5.06884216e+002 1.19818359e+003 4.94998322e+002
  1.21524316e+003 4.83774597e+002 1.23090063e+003 4.73350647e+002
  1.24733081e+003 4.62817627e+002 1.26219653e+003 4.53039124e+002
  1.10757813e+003 6.00928040e+002 1.13077832e+003 5.85490112e+002
  1.15331067e+003 5.70531677e+002 1.17427319e+003 5.56450012e+002
  1.19423987e+003 5.43112854e+002 1.21179639e+003 5.30532410e+002
  1.22772461e+003 5.18845032e+002 1.24346387e+003 5.07507507e+002
  1.25877087e+003 4.96668121e+002 1.27382544e+003 4.85976227e+002
  1.12421143e+003 6.39499634e+002 1.14759326e+003 6.23169250e+002
  1.16877441e+003 6.07655029e+002 1.18821948e+003 5.93302551e+002
  1.20692871e+003 5.79323059e+002 1.22504138e+003 5.65944092e+002
  1.24067395e+003 5.53430054e+002 1.25668152e+003 5.41299805e+002
  1.27335144e+003 5.29099731e+002 1.28820068e+003 5.17745972e+002
  1.13965393e+003 6.77999878e+002 1.16157202e+003 6.61029724e+002
  1.18230933e+003 6.44972351e+002 1.20154553e+003 6.29645813e+002
  1.22000769e+003 6.15113464e+002 1.23728967e+003 6.01048584e+002
  1.25374451e+003 5.87624939e+002 1.26993250e+003 5.74621704e+002
  1.28571692e+003 5.62107483e+002 1.30048279e+003 5.50043213e+002</camera>
<projector>
  8.06932922e+002 3.30978546e+002 8.43345886e+002 3.20423981e+002
  8.78145813e+002 3.10962738e+002 9.13732544e+002 3.02163330e+002
  9.48341492e+002 2.93048096e+002 9.80943787e+002 2.83455292e+002
  1.01410382e+003 2.74584717e+002 1.04638159e+003 2.65660431e+002
  1.07737683e+003 2.57503479e+002 1.10783850e+003 2.49084335e+002
  8.24565308e+002 3.72372772e+002 8.62339111e+002 3.61491547e+002
  8.97635315e+002 3.51264191e+002 9.30637085e+002 3.41726532e+002
  9.65788330e+002 3.31941467e+002 9.99976379e+002 3.21851074e+002
  1.03215967e+003 3.12331085e+002 1.06316248e+003 3.03791687e+002
  1.09517371e+003 2.94929657e+002 1.12618652e+003 2.86852509e+002
  8.42739441e+002 4.13056122e+002 8.80530212e+002 4.01436035e+002
  9.15748291e+002 3.90609497e+002 9.50557617e+002 3.80410706e+002
  9.84872375e+002 3.69774231e+002 1.01920215e+003 3.60082550e+002
  1.05168896e+003 3.49955444e+002 1.08350085e+003 3.40654327e+002
  1.11407251e+003 3.32349701e+002 1.14466797e+003 3.23754150e+002
  8.61245239e+002 4.55254242e+002 8.98480286e+002 4.43044800e+002
  9.33802490e+002 4.31441986e+002 9.69962769e+002 4.20637115e+002
  1.00259998e+003 4.09201294e+002 1.03641443e+003 3.98839325e+002
  1.06844995e+003 3.89300507e+002 1.09944727e+003 3.79289917e+002
  1.13044263e+003 3.70219208e+002 1.16082153e+003 3.60910309e+002
  8.79495605e+002 4.96994781e+002 9.15724182e+002 4.84143524e+002
  9.51061218e+002 4.72839508e+002 9.86192505e+002 4.60114075e+002
  1.02069617e+003 4.49316833e+002 1.05365210e+003 4.39406555e+002
  1.08510828e+003 4.29146881e+002 1.11443188e+003 4.19665375e+002
  1.14605530e+003 4.09739105e+002 1.17612659e+003 3.99470215e+002
  8.97224060e+002 5.37773438e+002 9.35201050e+002 5.25343506e+002
  9.70082031e+002 5.13486023e+002 1.00325879e+003 5.01226135e+002
  1.03726123e+003 4.89901459e+002 1.07070227e+003 4.79396088e+002
  1.10169373e+003 4.68245605e+002 1.13295227e+003 4.57743011e+002
  1.16402405e+003 4.46907013e+002 1.19451501e+003 4.37009125e+002
  9.16026794e+002 5.80499512e+002 9.52272888e+002 5.67494324e+002
  9.86127747e+002 5.54839539e+002 1.02127374e+003 5.43140503e+002
  1.05402539e+003 5.30935303e+002 1.08612170e+003 5.19406372e+002
  1.11869580e+003 5.08606506e+002 1.14998914e+003 4.97477875e+002
  1.18161511e+003 4.85785889e+002 1.21056909e+003 4.74868164e+002</projector>
</opencv_storage>
