<?xml version="1.0"?>
<opencv_storage>
<world>
  0. 0. 0. 24. 0. 0. 48. 0. 0. 72. 0. 0. 96. 0. 0. 120. 0. 0. 144. 0. 0.
  168. 0. 0. 192. 0. 0. 216. 0. 0. 0. 24. 0. 24. 24. 0. 48. 24. 0. 72.
  24. 0. 96. 24. 0. 120. 24. 0. 144. 24. 0. 168. 24. 0. 192. 24. 0. 216.
  24. 0. 0. 48. 0. 24. 48. 0. 48. 48. 0. 72. 48. 0. 96. 48. 0. 120. 48.
  0. 144. 48. 0. 168. 48. 0. 192. 48. 0. 216. 48. 0. 0. 72. 0. 24. 72.
  0. 48. 72. 0. 72. 72. 0. 96. 72. 0. 120. 72. 0. 144. 72. 0. 168. 72.
  0. 192. 72. 0. 216. 72. 0. 0. 96. 0. 24. 96. 0. 48. 96. 0. 72. 96. 0.
  96. 96. 0. 120. 96. 0. 144. 96. 0. 168. 96. 0. 192. 96. 0. 216. 96. 0.
  0. 120. 0. 24. 120. 0. 48. 120. 0. 72. 120. 0. 96. 120. 0. 120. 120.
  0. 144. 120. 0. 168. 120. 0. 192. 120. 0. 216. 120. 0. 0. 144. 0. 24.
  144. 0. 48. 144. 0. 72. 144. 0. 96. 144. 0. 120. 144. 0. 144. 144. 0.
  168. 144. 0. 192. 144. 0. 216. 144. 0.</world>
<camera>
  1.11437109e+003 2.27534821e+002 1.14139905e+003 2.32222504e+002
  1.16748767e+003 2.36933090e+002 1.19264417e+003 2.41747314e+002
  1.21750256e+003 2.46479080e+002 1.24135828e+003 2.51106125e+002
  1.26453906e+003 2.55714188e+002 1.28708936e+003 2.60214111e+002
  1.30901782e+003 2.64692841e+002 1.33029688e+003 2.69144226e+002
  1.11495935e+003 2.59989807e+002 1.14271484e+003 2.64198608e+002
  1.16869116e+003 2.68542786e+002 1.19416248e+003 2.73032166e+002
  1.21882068e+003 2.77346069e+002 1.24325598e+003 2.81578644e+002
  1.26647412e+003 2.85802185e+002 1.28866443e+003 2.90088989e+002
  1.31058057e+003 2.94118134e+002 1.33145532e+003 2.98385162e+002
  1.11559363e+003 2.93168304e+002 1.14395129e+003 2.96722046e+002
  1.17051904e+003 3.00548248e+002 1.19631543e+003 3.04516510e+002
  1.22075171e+003 3.08462952e+002 1.24551074e+003 3.12271881e+002
  1.26889929e+003 3.16159149e+002 1.29141077e+003 3.19994476e+002
  1.31291882e+003 3.23827087e+002 1.33362415e+003 3.27610687e+002
  1.11601648e+003 3.26412659e+002 1.14429016e+003 3.29683716e+002
  1.17098132e+003 3.33163757e+002 1.19745862e+003 3.36526917e+002
  1.22264014e+003 3.40018585e+002 1.24669067e+003 3.43507721e+002
  1.26981360e+003 3.46956543e+002 1.29148950e+003 3.50510559e+002
  1.31365234e+003 3.53933838e+002 1.33447559e+003 3.57345032e+002
  1.11604297e+003 3.60159729e+002 1.14401721e+003 3.63112152e+002
  1.17126355e+003 3.65928192e+002 1.19762292e+003 3.69053253e+002
  1.22299878e+003 3.72060303e+002 1.24670569e+003 3.75201508e+002
  1.26916455e+003 3.78364746e+002 1.29121167e+003 3.81369751e+002
  1.31262561e+003 3.84349243e+002 1.33404211e+003 3.87264404e+002
  1.11656226e+003 3.93816162e+002 1.14483521e+003 3.96434875e+002
  1.17184021e+003 3.99087280e+002 1.19734143e+003 4.01712708e+002
  1.22233020e+003 4.04471558e+002 1.24652148e+003 4.07207733e+002
  1.26899341e+003 4.09775970e+002 1.29147314e+003 4.12383911e+002
  1.31437146e+003 4.14766083e+002 1.33556592e+003 4.17321411e+002
  1.11648621e+003 4.28074646e+002 1.14434424e+003 4.30283478e+002
  1.17100354e+003 4.32429749e+002 1.19669958e+003 4.34686829e+002
  1.22182385e+003 4.37011902e+002 1.24578479e+003 4.39213074e+002
  1.26897339e+003 4.41427124e+002 1.29191553e+003 4.43438416e+002
  1.31430347e+003 4.45527802e+002 1.33562793e+003 4.47502716e+002</camera>
<projector>
  1.01171350e+003 1.13749390e+002 1.04966370e+003 1.16117470e+002
  1.08721753e+003 1.19800247e+002 1.12588818e+003 1.23623314e+002
  1.16355249e+003 1.25948029e+002 1.19907703e+003 1.29860962e+002
  1.23713501e+003 1.33609055e+002 1.27284241e+003 1.36338547e+002
  1.30923535e+003 1.40305161e+002 1.34514783e+003 1.43052307e+002
  1.01092609e+003 1.52239136e+002 1.04989160e+003 1.54909576e+002
  1.08735278e+003 1.58874313e+002 1.12438013e+003 1.61733826e+002
  1.16207593e+003 1.64585464e+002 1.19880334e+003 1.68697083e+002
  1.23527026e+003 1.71692184e+002 1.27267517e+003 1.74636581e+002
  1.30938635e+003 1.77686569e+002 1.34344641e+003 1.81010559e+002
  1.01038342e+003 1.91554123e+002 1.04889087e+003 1.94398697e+002
  1.08752478e+003 1.97583038e+002 1.12417419e+003 2.00673721e+002
  1.16196704e+003 2.02632401e+002 1.20013403e+003 2.05714066e+002
  1.23652686e+003 2.09131653e+002 1.27239319e+003 2.12425705e+002
  1.30920410e+003 2.16066544e+002 1.34559509e+003 2.19628998e+002
  1.00878503e+003 2.30640152e+002 1.04728369e+003 2.33844864e+002
  1.08554126e+003 2.36016495e+002 1.12317737e+003 2.39582169e+002
  1.16203540e+003 2.41625549e+002 1.19904199e+003 2.45301544e+002
  1.23588892e+003 2.47779434e+002 1.27034167e+003 2.51808975e+002
  1.30860059e+003 2.54291199e+002 1.34315894e+003 2.57218903e+002
  1.00731274e+003 2.70508301e+002 1.04590466e+003 2.73002106e+002
  1.08390564e+003 2.75511902e+002 1.12297400e+003 2.77980225e+002
  1.16032153e+003 2.80677551e+002 1.19749841e+003 2.83497742e+002
  1.23303638e+003 2.86648621e+002 1.26907605e+003 2.89712097e+002
  1.30552185e+003 2.92534027e+002 1.34131177e+003 2.95647308e+002
  1.00705322e+003 3.09908264e+002 1.04555164e+003 3.11624542e+002
  1.08377820e+003 3.14521210e+002 1.12039160e+003 3.17699829e+002
  1.15799524e+003 3.19618591e+002 1.19639856e+003 3.22973755e+002
  1.23157104e+003 3.26323181e+002 1.26739270e+003 3.28380707e+002
  1.30504138e+003 3.31504028e+002 1.34246069e+003 3.33664124e+002
  1.00456110e+003 3.49273193e+002 1.04329749e+003 3.51509979e+002
  1.08161169e+003 3.53713348e+002 1.11948328e+003 3.57196442e+002
  1.15693323e+003 3.59629608e+002 1.19407849e+003 3.62020782e+002
  1.23055322e+003 3.64498138e+002 1.26751270e+003 3.66856262e+002
  1.30349219e+003 3.70539032e+002 1.34084241e+003 3.72950470e+002</projector>
</opencv_storage>
