<?xml version="1.0"?>
<opencv_storage>
<cam_reprojection_error>5.4543676430292831e-001</cam_reprojection_error>
<cam_reprojection_error2>4.5670604560701622e-001</cam_reprojection_error2>
<proj_reprojection_error>7.4222838979632877e-001</proj_reprojection_error>
<proj_reprojection_error2>7.5020347875321192e-001</proj_reprojection_error2>
<stereo_reprojection_error>6.7800893321139177e-001</stereo_reprojection_error>
<cam_K type_id="opencv-matrix">
  <rows>3</rows>
  <cols>3</cols>
  <dt>d</dt>
  <data>
    7.0912186104372131e+002 0. 9.4516177240117008e+002 0.
    7.1098835541842288e+002 5.1410251606289069e+002 0. 0. 1.</data></cam_K>
<cam_dist type_id="opencv-matrix">
  <rows>1</rows>
  <cols>5</cols>
  <dt>d</dt>
  <data>
    5.6390760465686038e-003 -3.0007369285202899e-002
    -1.7917839319688969e-003 -7.2648316876977668e-004 0.</data></cam_dist>
<cam_R>
  <_ type_id="opencv-matrix">
    <rows>3</rows>
    <cols>1</cols>
    <dt>d</dt>
    <data>
      -4.6445488805419277e-001 -1.7827139724138977e-001
      -3.0844198046202016e+000</data></_>
  <_ type_id="opencv-matrix">
    <rows>3</rows>
    <cols>1</cols>
    <dt>d</dt>
    <data>
      2.4674719801499290e-001 -9.7703965621804431e-002
      -3.1229265168749674e+000</data></_>
  <_ type_id="opencv-matrix">
    <rows>3</rows>
    <cols>1</cols>
    <dt>d</dt>
    <data>
      3.7274175268059775e-002 -1.3360776234148983e-001
      -3.1298163302675723e+000</data></_>
  <_ type_id="opencv-matrix">
    <rows>3</rows>
    <cols>1</cols>
    <dt>d</dt>
    <data>
      1.5257378466473015e-001 -1.6998375446892811e-001
      -3.1276153936941000e+000</data></_>
  <_ type_id="opencv-matrix">
    <rows>3</rows>
    <cols>1</cols>
    <dt>d</dt>
    <data>
      -7.9227561968391558e-001 -1.2928759955451952e-001
      -3.0196735269434578e+000</data></_>
  <_ type_id="opencv-matrix">
    <rows>3</rows>
    <cols>1</cols>
    <dt>d</dt>
    <data>
      -8.4642084988841904e-001 -1.1024977172152611e-001
      -3.0070429566129997e+000</data></_>
  <_ type_id="opencv-matrix">
    <rows>3</rows>
    <cols>1</cols>
    <dt>d</dt>
    <data>
      -7.5366222458335896e-001 -1.2768165842367785e-001
      -3.0303845357607719e+000</data></_>
  <_ type_id="opencv-matrix">
    <rows>3</rows>
    <cols>1</cols>
    <dt>d</dt>
    <data>
      -4.0845207441876735e-001 -1.1546407219539132e-001
      -3.1008940052069960e+000</data></_>
  <_ type_id="opencv-matrix">
    <rows>3</rows>
    <cols>1</cols>
    <dt>d</dt>
    <data>
      -2.8535364720584777e-001 -1.3520387170946618e-001
      -3.1117288056304537e+000</data></_>
  <_ type_id="opencv-matrix">
    <rows>3</rows>
    <cols>1</cols>
    <dt>d</dt>
    <data>
      2.4095982702968380e-001 -1.0788037055886841e-001
      -3.1222767145349275e+000</data></_>
  <_ type_id="opencv-matrix">
    <rows>3</rows>
    <cols>1</cols>
    <dt>d</dt>
    <data>
      1.2049338601381705e-001 -8.3551458493470218e-002
      -3.1306624673878471e+000</data></_>
  <_ type_id="opencv-matrix">
    <rows>3</rows>
    <cols>1</cols>
    <dt>d</dt>
    <data>
      -4.4658642661380338e-001 -5.3385840330308898e-001
      -3.0101192418814415e+000</data></_>
  <_ type_id="opencv-matrix">
    <rows>3</rows>
    <cols>1</cols>
    <dt>d</dt>
    <data>
      -5.3873170076447374e-001 -1.9073664949029850e-001
      -3.0663159206831132e+000</data></_>
  <_ type_id="opencv-matrix">
    <rows>3</rows>
    <cols>1</cols>
    <dt>d</dt>
    <data>
      -2.1485248933458523e-001 -1.8745985151358618e-001
      -3.1132553032153973e+000</data></_>
  <_ type_id="opencv-matrix">
    <rows>3</rows>
    <cols>1</cols>
    <dt>d</dt>
    <data>
      9.2022615588993065e-002 -2.6660633773995585e-001
      -3.1251092193513133e+000</data></_></cam_R>
<cam_T>
  <_ type_id="opencv-matrix">
    <rows>3</rows>
    <cols>1</cols>
    <dt>d</dt>
    <data>
      1.1850309472340759e+002 1.5377839802011306e+002
      3.5945233047147082e+002</data></_>
  <_ type_id="opencv-matrix">
    <rows>3</rows>
    <cols>1</cols>
    <dt>d</dt>
    <data>
      1.1844191341890199e+002 1.5845942557021866e+002
      5.3369860443018320e+002</data></_>
  <_ type_id="opencv-matrix">
    <rows>3</rows>
    <cols>1</cols>
    <dt>d</dt>
    <data>
      1.7644644875354746e+002 5.8823411839208376e+001
      5.2022206162540817e+002</data></_>
  <_ type_id="opencv-matrix">
    <rows>3</rows>
    <cols>1</cols>
    <dt>d</dt>
    <data>
      1.4604443752053886e+001 1.5835743553189525e+002
      5.5457118931222772e+002</data></_>
  <_ type_id="opencv-matrix">
    <rows>3</rows>
    <cols>1</cols>
    <dt>d</dt>
    <data>
      5.4783129838121070e+001 1.5626322060423274e+002
      4.6398169837706939e+002</data></_>
  <_ type_id="opencv-matrix">
    <rows>3</rows>
    <cols>1</cols>
    <dt>d</dt>
    <data>
      2.4016012304544498e+002 1.5605020813681514e+002
      3.9626666305218941e+002</data></_>
  <_ type_id="opencv-matrix">
    <rows>3</rows>
    <cols>1</cols>
    <dt>d</dt>
    <data>
      -4.6265247951896185e+001 1.5702019887049610e+002
      5.0902736328031466e+002</data></_>
  <_ type_id="opencv-matrix">
    <rows>3</rows>
    <cols>1</cols>
    <dt>d</dt>
    <data>
      1.2970668086268586e+002 1.5936621336709732e+002
      5.6085380635036995e+002</data></_>
  <_ type_id="opencv-matrix">
    <rows>3</rows>
    <cols>1</cols>
    <dt>d</dt>
    <data>
      3.1738090327287807e+002 1.5909816259010736e+002
      4.8871066406033282e+002</data></_>
  <_ type_id="opencv-matrix">
    <rows>3</rows>
    <cols>1</cols>
    <dt>d</dt>
    <data>
      1.6358306115577494e+002 1.5455702607040382e+002
      3.7583402218824710e+002</data></_>
  <_ type_id="opencv-matrix">
    <rows>3</rows>
    <cols>1</cols>
    <dt>d</dt>
    <data>
      7.0600734713531184e+000 1.5483808924087893e+002
      4.1821009724299597e+002</data></_>
  <_ type_id="opencv-matrix">
    <rows>3</rows>
    <cols>1</cols>
    <dt>d</dt>
    <data>
      1.1344262544699836e+002 1.6083631476247808e+002
      4.5195331076967892e+002</data></_>
  <_ type_id="opencv-matrix">
    <rows>3</rows>
    <cols>1</cols>
    <dt>d</dt>
    <data>
      1.2480058418806276e+002 5.8636465473734269e+001
      5.1320046268528790e+002</data></_>
  <_ type_id="opencv-matrix">
    <rows>3</rows>
    <cols>1</cols>
    <dt>d</dt>
    <data>
      2.9108011998961592e+002 5.9319364090576364e+001
      4.8201304023834240e+002</data></_>
  <_ type_id="opencv-matrix">
    <rows>3</rows>
    <cols>1</cols>
    <dt>d</dt>
    <data>
      6.8824166113187255e+000 5.8637121837928731e+001
      5.3586118777983813e+002</data></_></cam_T>
<proj_K type_id="opencv-matrix">
  <rows>3</rows>
  <cols>3</cols>
  <dt>d</dt>
  <data>
    1.2853027436133923e+003 0. 6.2779401567807838e+002 0.
    1.2890472698586816e+003 6.7592252127137442e+002 0. 0. 1.</data></proj_K>
<proj_dist type_id="opencv-matrix">
  <rows>1</rows>
  <cols>5</cols>
  <dt>d</dt>
  <data>
    -5.6811614571429490e-003 -2.3363183200735504e-002
    -4.8530019851215208e-003 -3.3965940009517896e-003 0.</data></proj_dist>
