<?xml version="1.0"?>
<opencv_storage>
<world>
  0. 0. 0. 48. 0. 0. 96. 0. 0. 144. 0. 0. 192. 0. 0. 240. 0. 0. 288. 0.
  0. 336. 0. 0. 384. 0. 0. 432. 0. 0. 0. 48. 0. 48. 48. 0. 96. 48. 0.
  144. 48. 0. 192. 48. 0. 240. 48. 0. 288. 48. 0. 336. 48. 0. 384. 48.
  0. 432. 48. 0. 0. 96. 0. 48. 96. 0. 96. 96. 0. 144. 96. 0. 192. 96. 0.
  240. 96. 0. 288. 96. 0. 336. 96. 0. 384. 96. 0. 432. 96. 0. 0. 144. 0.
  48. 144. 0. 96. 144. 0. 144. 144. 0. 192. 144. 0. 240. 144. 0. 288.
  144. 0. 336. 144. 0. 384. 144. 0. 432. 144. 0. 0. 192. 0. 48. 192. 0.
  96. 192. 0. 144. 192. 0. 192. 192. 0. 240. 192. 0. 288. 192. 0. 336.
  192. 0. 384. 192. 0. 432. 192. 0. 0. 240. 0. 48. 240. 0. 96. 240. 0.
  144. 240. 0. 192. 240. 0. 240. 240. 0. 288. 240. 0. 336. 240. 0. 384.
  240. 0. 432. 240. 0. 0. 288. 0. 48. 288. 0. 96. 288. 0. 144. 288. 0.
  192. 288. 0. 240. 288. 0. 288. 288. 0. 336. 288. 0. 384. 288. 0. 432.
  288. 0.</world>
<camera>
  1.02824829e+003 7.52612671e+002 9.63937927e+002 7.41340576e+002
  9.05232544e+002 7.31132507e+002 8.52077271e+002 7.21863647e+002
  8.03842224e+002 7.13443848e+002 7.59366943e+002 7.05503784e+002
  7.17184692e+002 6.98579163e+002 6.78568176e+002 6.91772766e+002
  6.43076233e+002 6.85571899e+002 6.09993835e+002 6.79651367e+002
  1.03034705e+003 6.78739624e+002 9.66306213e+002 6.70955139e+002
  9.08015442e+002 6.64014343e+002 8.55403503e+002 6.57560303e+002
  8.06981873e+002 6.52060486e+002 7.61839905e+002 6.46708801e+002
  7.20445679e+002 6.41857117e+002 6.81827698e+002 6.37539001e+002
  6.46536804e+002 6.33098267e+002 6.13465393e+002 6.29255798e+002
  1.03281482e+003 6.05645264e+002 9.69174377e+002 6.01403259e+002
  9.11128967e+002 5.97597351e+002 8.58472900e+002 5.94425293e+002
  8.09813538e+002 5.91167297e+002 7.64837830e+002 5.88651367e+002
  7.22608521e+002 5.85965271e+002 6.85541687e+002 5.83333496e+002
  6.50210510e+002 5.81178528e+002 6.16706726e+002 5.78795349e+002
  1.03423132e+003 5.33294922e+002 9.70575684e+002 5.32958740e+002
  9.13846191e+002 5.32901306e+002 8.61532288e+002 5.32613464e+002
  8.11783203e+002 5.31784851e+002 7.66509888e+002 5.31131104e+002
  7.26771423e+002 5.30844910e+002 6.88290161e+002 5.30494568e+002
  6.52272888e+002 5.29693054e+002 6.19261169e+002 5.29214539e+002
  1.03581335e+003 4.62188110e+002 9.73398621e+002 4.65549561e+002
  9.16158142e+002 4.68449249e+002 8.64338928e+002 4.70795441e+002
  8.16323059e+002 4.72695831e+002 7.71190918e+002 4.74360657e+002
  7.29443298e+002 4.75720215e+002 6.91823486e+002 4.77441528e+002
  6.56576843e+002 4.79063873e+002 6.23312073e+002 4.80241241e+002
  1.03822681e+003 3.92437439e+002 9.75552429e+002 3.98720428e+002
  9.18485535e+002 4.04529724e+002 8.67361206e+002 4.09375641e+002
  8.18905518e+002 4.14066254e+002 7.75283752e+002 4.18133087e+002
  7.33432983e+002 4.21817505e+002 6.95360107e+002 4.25297333e+002
  6.60390137e+002 4.28408569e+002 6.27237427e+002 4.31341064e+002
  1.04019690e+003 3.23245483e+002 9.77907654e+002 3.32923798e+002
  9.21111084e+002 3.41488800e+002 8.69723755e+002 3.48717224e+002
  8.21371460e+002 3.55483978e+002 7.78361633e+002 3.62376282e+002
  7.36993835e+002 3.67949585e+002 6.98650696e+002 3.73541565e+002
  6.63987122e+002 3.78539093e+002 6.31110596e+002 3.83313812e+002</camera>
<projector>
  8.85058167e+002 6.65189819e+002 8.16962158e+002 6.63881836e+002
  7.49948425e+002 6.64537537e+002 6.84775635e+002 6.65531860e+002
  6.20246460e+002 6.65368591e+002 5.57211182e+002 6.63783508e+002
  4.95782043e+002 6.64732544e+002 4.35052307e+002 6.66396790e+002
  3.74639160e+002 6.65226685e+002 3.16127899e+002 6.66286011e+002
  8.85197876e+002 5.96732666e+002 8.16893005e+002 5.97944397e+002
  7.50774292e+002 5.99465149e+002 6.85310547e+002 5.99607788e+002
  6.21439941e+002 5.99268127e+002 5.58728699e+002 6.02613342e+002
  4.95597626e+002 6.00916748e+002 4.35998810e+002 6.04273743e+002
  3.77041901e+002 6.02865295e+002 3.16698792e+002 6.04211548e+002
  8.85710266e+002 5.30751892e+002 8.17722412e+002 5.30966370e+002
  7.51114014e+002 5.33044189e+002 6.86224487e+002 5.34380127e+002
  6.22597717e+002 5.35712158e+002 5.60061401e+002 5.37577759e+002
  4.97940277e+002 5.39032959e+002 4.38175842e+002 5.38944763e+002
  3.77981903e+002 5.41341370e+002 3.21025116e+002 5.42755859e+002
  8.85497009e+002 4.62958679e+002 8.18238831e+002 4.65975983e+002
  7.52193970e+002 4.67853058e+002 6.87964661e+002 4.71294678e+002
  6.23182922e+002 4.72919769e+002 5.61285034e+002 4.71925659e+002
  4.99441162e+002 4.77085388e+002 4.37759155e+002 4.77896332e+002
  3.78310272e+002 4.80849243e+002 3.20381592e+002 4.81208740e+002
  8.85450500e+002 3.95800995e+002 8.16903320e+002 4.00484192e+002
  7.50836731e+002 4.02904449e+002 6.87893494e+002 4.06434265e+002
  6.24091431e+002 4.09375977e+002 5.61786621e+002 4.10253448e+002
  4.99937469e+002 4.13658508e+002 4.40962067e+002 4.14087036e+002
  3.82418976e+002 4.18108215e+002 3.23658173e+002 4.20818909e+002
  8.84384155e+002 3.30478760e+002 8.18014526e+002 3.35836548e+002
  7.51448608e+002 3.40204285e+002 6.88445496e+002 3.41690277e+002
  6.25835510e+002 3.45826324e+002 5.63574158e+002 3.49901794e+002
  5.01567596e+002 3.52278381e+002 4.41537628e+002 3.55705200e+002
  3.82519836e+002 3.57209564e+002 3.26605011e+002 3.60795044e+002
  8.84480896e+002 2.66389069e+002 8.17884888e+002 2.70542847e+002
  7.52351257e+002 2.74248688e+002 6.89932495e+002 2.78979858e+002
  6.25849731e+002 2.81730011e+002 5.64106384e+002 2.85455139e+002
  5.02867828e+002 2.89016327e+002 4.43670380e+002 2.93016846e+002
  3.85837860e+002 2.96715820e+002 3.27905273e+002 3.00563782e+002</projector>
</opencv_storage>
