<?xml version="1.0"?>
<opencv_storage>
<world>
  0. 0. 0. 48. 0. 0. 96. 0. 0. 144. 0. 0. 192. 0. 0. 240. 0. 0. 288. 0.
  0. 336. 0. 0. 384. 0. 0. 432. 0. 0. 0. 48. 0. 48. 48. 0. 96. 48. 0.
  144. 48. 0. 192. 48. 0. 240. 48. 0. 288. 48. 0. 336. 48. 0. 384. 48.
  0. 432. 48. 0. 0. 96. 0. 48. 96. 0. 96. 96. 0. 144. 96. 0. 192. 96. 0.
  240. 96. 0. 288. 96. 0. 336. 96. 0. 384. 96. 0. 432. 96. 0. 0. 144. 0.
  48. 144. 0. 96. 144. 0. 144. 144. 0. 192. 144. 0. 240. 144. 0. 288.
  144. 0. 336. 144. 0. 384. 144. 0. 432. 144. 0. 0. 192. 0. 48. 192. 0.
  96. 192. 0. 144. 192. 0. 192. 192. 0. 240. 192. 0. 288. 192. 0. 336.
  192. 0. 384. 192. 0. 432. 192. 0. 0. 240. 0. 48. 240. 0. 96. 240. 0.
  144. 240. 0. 192. 240. 0. 240. 240. 0. 288. 240. 0. 336. 240. 0. 384.
  240. 0. 432. 240. 0. 0. 288. 0. 48. 288. 0. 96. 288. 0. 144. 288. 0.
  192. 288. 0. 240. 288. 0. 288. 288. 0. 336. 288. 0. 384. 288. 0. 432.
  288. 0.</world>
<camera>
  1.36873596e+003 7.90485901e+002 1.27693860e+003 7.75466614e+002
  1.19404614e+003 7.61416992e+002 1.12037744e+003 7.48661743e+002
  1.05381470e+003 7.37111755e+002 9.93813782e+002 7.26759888e+002
  9.38297119e+002 7.17595459e+002 8.88038452e+002 7.08953552e+002
  8.42095154e+002 7.01026978e+002 7.99938599e+002 6.93646484e+002
  1.36973767e+003 7.05085815e+002 1.27787805e+003 6.94474609e+002
  1.19537390e+003 6.84876404e+002 1.12176233e+003 6.75835999e+002
  1.05557434e+003 6.68349243e+002 9.95053406e+002 6.61300232e+002
  9.40414612e+002 6.54902039e+002 8.90199890e+002 6.49306458e+002
  8.44414673e+002 6.43758484e+002 8.02306824e+002 6.38773193e+002
  1.37050916e+003 6.19974121e+002 1.27891638e+003 6.14430969e+002
  1.19655725e+003 6.08810242e+002 1.12332617e+003 6.04385315e+002
  1.05698682e+003 5.99948303e+002 9.96790466e+002 5.96594421e+002
  9.41666809e+002 5.93090942e+002 8.92529907e+002 5.90112366e+002
  8.46958862e+002 5.86999146e+002 8.04585876e+002 5.84449463e+002
  1.37050122e+003 5.35296021e+002 1.27919177e+003 5.34830627e+002
  1.19765662e+003 5.34823914e+002 1.12468323e+003 5.34109070e+002
  1.05786401e+003 5.33275574e+002 9.97550842e+002 5.32541321e+002
  9.44189209e+002 5.32034607e+002 8.94351074e+002 5.31384827e+002
  8.48317749e+002 5.30935913e+002 8.06132935e+002 5.30378906e+002
  1.36984094e+003 4.52343445e+002 1.27947314e+003 4.56943481e+002
  1.19811572e+003 4.60710846e+002 1.12644824e+003 4.63924713e+002
  1.06050903e+003 4.66695190e+002 1.00081647e+003 4.69046021e+002
  9.45980164e+002 4.71236328e+002 8.96847778e+002 4.73255768e+002
  8.51430115e+002 4.75247955e+002 8.09130493e+002 4.76881531e+002
  1.36921985e+003 3.70690399e+002 1.27945142e+003 3.79228668e+002
  1.19878357e+003 3.87573273e+002 1.12780383e+003 3.94349670e+002
  1.06206592e+003 4.00501740e+002 1.00323065e+003 4.06260406e+002
  9.48687073e+002 4.11124573e+002 8.99364319e+002 4.15613861e+002
  8.53996338e+002 4.20090515e+002 8.12202209e+002 4.23616974e+002
  1.36809888e+003 2.90326569e+002 1.27971375e+003 3.03479095e+002
  1.19962842e+003 3.15154022e+002 1.12905908e+003 3.25433624e+002
  1.06360034e+003 3.34583130e+002 1.00521045e+003 3.44122925e+002
  9.50980347e+002 3.51438232e+002 9.01623596e+002 3.58475128e+002
  8.56422485e+002 3.65249359e+002 8.14796021e+002 3.71091644e+002</camera>
<projector>
  1.16515710e+003 6.64007263e+002 1.09347009e+003 6.64434814e+002
  1.02360077e+003 6.64438721e+002 9.55139771e+002 6.65346130e+002
  8.89095459e+002 6.65244080e+002 8.24080627e+002 6.66200073e+002
  7.59211487e+002 6.66767822e+002 6.96390381e+002 6.66477478e+002
  6.35276794e+002 6.66859192e+002 5.76133606e+002 6.66965027e+002
  1.16478979e+003 5.96955872e+002 1.09331946e+003 5.97311035e+002
  1.02318463e+003 5.98922424e+002 9.55914429e+002 5.99685120e+002
  8.89388428e+002 6.00659546e+002 8.23865784e+002 6.01487610e+002
  7.59920776e+002 6.03039734e+002 6.97028259e+002 6.03699585e+002
  6.35584473e+002 6.04800354e+002 5.76467468e+002 6.05420593e+002
  1.16455945e+003 5.29340576e+002 1.09306702e+003 5.30737244e+002
  1.02371234e+003 5.32804932e+002 9.55309631e+002 5.34205017e+002
  8.89403870e+002 5.36029358e+002 8.24108337e+002 5.38245300e+002
  7.60694092e+002 5.39346741e+002 6.98864929e+002 5.41349182e+002
  6.37435059e+002 5.42947388e+002 5.78571716e+002 5.43942322e+002
  1.16394495e+003 4.61383972e+002 1.09255371e+003 4.64754456e+002
  1.02374634e+003 4.68088654e+002 9.56057007e+002 4.70135742e+002
  8.89019043e+002 4.71828186e+002 8.24630798e+002 4.74881561e+002
  7.60680725e+002 4.76983246e+002 6.98027466e+002 4.79034882e+002
  6.37232361e+002 4.81926605e+002 5.77529785e+002 4.83008789e+002
  1.16280713e+003 3.94679932e+002 1.09148962e+003 3.99143433e+002
  1.02259790e+003 4.02973053e+002 9.55849731e+002 4.06139038e+002
  8.90272522e+002 4.09279938e+002 8.25460205e+002 4.11729218e+002
  7.61357849e+002 4.14400513e+002 6.99620117e+002 4.17061523e+002
  6.38233093e+002 4.20205841e+002 5.79208862e+002 4.22953827e+002
  1.16103711e+003 3.28928680e+002 1.09043127e+003 3.33249939e+002
  1.02203125e+003 3.38056549e+002 9.56116882e+002 3.41226837e+002
  8.89907898e+002 3.45801514e+002 8.25643555e+002 3.48975006e+002
  7.62261108e+002 3.52182251e+002 7.00284851e+002 3.56454620e+002
  6.39831360e+002 3.59780365e+002 5.80643250e+002 3.63562347e+002
  1.16016101e+003 2.63083923e+002 1.09048547e+003 2.67913055e+002
  1.02209479e+003 2.73376556e+002 9.56034729e+002 2.77348267e+002
  8.91026428e+002 2.82379395e+002 8.25947083e+002 2.87087799e+002
  7.62991272e+002 2.90583466e+002 7.02018799e+002 2.94574432e+002
  6.40917297e+002 2.98608337e+002 5.82659363e+002 3.03102661e+002</projector>
</opencv_storage>
