<?xml version="1.0"?>
<opencv_storage>
<world>
  0. 0. 0. 48. 0. 0. 96. 0. 0. 144. 0. 0. 192. 0. 0. 240. 0. 0. 288. 0.
  0. 336. 0. 0. 384. 0. 0. 432. 0. 0. 0. 48. 0. 48. 48. 0. 96. 48. 0.
  144. 48. 0. 192. 48. 0. 240. 48. 0. 288. 48. 0. 336. 48. 0. 384. 48.
  0. 432. 48. 0. 0. 96. 0. 48. 96. 0. 96. 96. 0. 144. 96. 0. 192. 96. 0.
  240. 96. 0. 288. 96. 0. 336. 96. 0. 384. 96. 0. 432. 96. 0. 0. 144. 0.
  48. 144. 0. 96. 144. 0. 144. 144. 0. 192. 144. 0. 240. 144. 0. 288.
  144. 0. 336. 144. 0. 384. 144. 0. 432. 144. 0. 0. 192. 0. 48. 192. 0.
  96. 192. 0. 144. 192. 0. 192. 192. 0. 240. 192. 0. 288. 192. 0. 336.
  192. 0. 384. 192. 0. 432. 192. 0. 0. 240. 0. 48. 240. 0. 96. 240. 0.
  144. 240. 0. 192. 240. 0. 240. 240. 0. 288. 240. 0. 336. 240. 0. 384.
  240. 0. 432. 240. 0. 0. 288. 0. 48. 288. 0. 96. 288. 0. 144. 288. 0.
  192. 288. 0. 240. 288. 0. 288. 288. 0. 336. 288. 0. 384. 288. 0. 432.
  288. 0.</world>
<camera>
  1.17652100e+003 8.16499023e+002 1.08181677e+003 8.04932556e+002
  9.93518799e+002 7.94254639e+002 9.11994873e+002 7.84571228e+002
  8.35829956e+002 7.75013733e+002 7.64640991e+002 7.66586365e+002
  6.97071899e+002 7.58774963e+002 6.34044556e+002 7.51058960e+002
  5.75497437e+002 7.43597595e+002 5.20516418e+002 7.36561096e+002
  1.17698962e+003 7.20563477e+002 1.08327380e+003 7.12358826e+002
  9.95934937e+002 7.04850586e+002 9.15176697e+002 6.98318726e+002
  8.39918945e+002 6.92132507e+002 7.68487061e+002 6.86529480e+002
  7.02399780e+002 6.81081482e+002 6.39580078e+002 6.76024292e+002
  5.81408875e+002 6.70986938e+002 5.26679443e+002 6.66308105e+002
  1.17726819e+003 6.26461182e+002 1.08455408e+003 6.22117188e+002
  9.98248779e+002 6.17867615e+002 9.18308777e+002 6.14491150e+002
  8.43546448e+002 6.10928894e+002 7.73182068e+002 6.07999695e+002
  7.06327576e+002 6.05132629e+002 6.45476440e+002 6.02532654e+002
  5.87607483e+002 5.99683350e+002 5.32549927e+002 5.96953125e+002
  1.17751904e+003 5.34572632e+002 1.08543018e+003 5.33837463e+002
  1.00050818e+003 5.33817505e+002 9.21628357e+002 5.33304626e+002
  8.46609802e+002 5.32370911e+002 7.76312561e+002 5.31320740e+002
  7.12290466e+002 5.30959045e+002 6.50388855e+002 5.30510559e+002
  5.92117981e+002 5.29525879e+002 5.37582214e+002 5.28867432e+002
  1.17690198e+003 4.44896484e+002 1.08636328e+003 4.48346161e+002
  1.00216669e+003 4.51021271e+002 9.24835327e+002 4.53275787e+002
  8.51617676e+002 4.55204773e+002 7.82213257e+002 4.56837738e+002
  7.16876770e+002 4.58020538e+002 6.56414795e+002 4.59636932e+002
  5.99244324e+002 4.61144043e+002 5.44903442e+002 4.62507172e+002
  1.17653625e+003 3.58764801e+002 1.08740784e+003 3.64758026e+002
  1.00394263e+003 3.70139099e+002 9.28028015e+002 3.74948242e+002
  8.55107605e+002 3.79162323e+002 7.87388245e+002 3.83362183e+002
  7.22553162e+002 3.86939514e+002 6.62168701e+002 3.90657593e+002
  6.05438416e+002 3.94065643e+002 5.51673279e+002 3.97176117e+002
  1.17632031e+003 2.74069611e+002 1.08804272e+003 2.83027161e+002
  1.00596442e+003 2.91170746e+002 9.30727600e+002 2.98067474e+002
  8.58295898e+002 3.04398346e+002 7.91684814e+002 3.11661621e+002
  7.27466797e+002 3.17128174e+002 6.67582397e+002 3.22657684e+002
  6.11548950e+002 3.28202942e+002 5.58464539e+002 3.33308380e+002</camera>
<projector>
  1.05287024e+003 6.60536072e+002 9.79305237e+002 6.60407349e+002
  9.06006348e+002 6.59900879e+002 8.32150574e+002 6.60167908e+002
  7.57832458e+002 6.59887573e+002 6.83952942e+002 6.60194885e+002
  6.08797424e+002 6.59639282e+002 5.33285217e+002 6.59228149e+002
  4.57768066e+002 6.59491699e+002 3.83718475e+002 6.59127136e+002
  1.05057971e+003 5.87873779e+002 9.77303406e+002 5.86776245e+002
  9.04219055e+002 5.86548828e+002 8.30913635e+002 5.85822388e+002
  7.57301208e+002 5.85857239e+002 6.82625854e+002 5.86059021e+002
  6.08525574e+002 5.85284973e+002 5.34398438e+002 5.85110229e+002
  4.58740601e+002 5.84683167e+002 3.84995789e+002 5.84165039e+002
  1.04826404e+003 5.14394531e+002 9.76000122e+002 5.14099304e+002
  9.02580994e+002 5.13722229e+002 8.29295654e+002 5.12917480e+002
  7.56885925e+002 5.12931335e+002 6.82888672e+002 5.12533752e+002
  6.08449951e+002 5.11669373e+002 5.34133057e+002 5.12544922e+002
  4.61177826e+002 5.11689545e+002 3.86462433e+002 5.10828156e+002
  1.04697363e+003 4.42893616e+002 9.73858215e+002 4.41971466e+002
  9.01707397e+002 4.42400940e+002 8.29152954e+002 4.41741547e+002
  7.56113647e+002 4.40563934e+002 6.82497681e+002 4.39202087e+002
  6.09249268e+002 4.39758575e+002 5.34858032e+002 4.39775818e+002
  4.60860504e+002 4.38789490e+002 3.86665344e+002 4.37820038e+002
  1.04393835e+003 3.71187378e+002 9.71066833e+002 3.70953674e+002
  8.98996460e+002 3.71202850e+002 8.27956909e+002 3.70484680e+002
  7.55689270e+002 3.69838776e+002 6.82165344e+002 3.69381897e+002
  6.09575256e+002 3.68089844e+002 5.35557495e+002 3.68002533e+002
  4.62162872e+002 3.66972321e+002 3.89005280e+002 3.66670166e+002
  1.04087170e+003 3.01859772e+002 9.68591431e+002 3.01672211e+002
  8.97157959e+002 3.00609802e+002 8.26649902e+002 3.00374481e+002
  7.54405762e+002 2.99155792e+002 6.81771362e+002 2.98357513e+002
  6.10108765e+002 2.97737854e+002 5.36730469e+002 2.97555542e+002
  4.63080231e+002 2.96160461e+002 3.90853210e+002 2.95302673e+002
  1.03761414e+003 2.32225204e+002 9.66514954e+002 2.31874893e+002
  8.95710205e+002 2.31084396e+002 8.26126892e+002 2.30128342e+002
  7.53950256e+002 2.28477524e+002 6.82341736e+002 2.29409103e+002
  6.09106201e+002 2.27563599e+002 5.37812195e+002 2.27251907e+002
  4.65395538e+002 2.25846222e+002 3.91401398e+002 2.24947418e+002</projector>
</opencv_storage>
