<?xml version="1.0"?>
<opencv_storage>
<world>
  0. 0. 0. 48. 0. 0. 96. 0. 0. 144. 0. 0. 192. 0. 0. 240. 0. 0. 288. 0.
  0. 336. 0. 0. 384. 0. 0. 432. 0. 0. 0. 48. 0. 48. 48. 0. 96. 48. 0.
  144. 48. 0. 192. 48. 0. 240. 48. 0. 288. 48. 0. 336. 48. 0. 384. 48.
  0. 432. 48. 0. 0. 96. 0. 48. 96. 0. 96. 96. 0. 144. 96. 0. 192. 96. 0.
  240. 96. 0. 288. 96. 0. 336. 96. 0. 384. 96. 0. 432. 96. 0. 0. 144. 0.
  48. 144. 0. 96. 144. 0. 144. 144. 0. 192. 144. 0. 240. 144. 0. 288.
  144. 0. 336. 144. 0. 384. 144. 0. 432. 144. 0. 0. 192. 0. 48. 192. 0.
  96. 192. 0. 144. 192. 0. 192. 192. 0. 240. 192. 0. 288. 192. 0. 336.
  192. 0. 384. 192. 0. 432. 192. 0. 0. 240. 0. 48. 240. 0. 96. 240. 0.
  144. 240. 0. 192. 240. 0. 240. 240. 0. 288. 240. 0. 336. 240. 0. 384.
  240. 0. 432. 240. 0. 0. 288. 0. 48. 288. 0. 96. 288. 0. 144. 288. 0.
  192. 288. 0. 240. 288. 0. 288. 288. 0. 336. 288. 0. 384. 288. 0. 432.
  288. 0.</world>
<camera>
  9.56279663e+002 7.76353271e+002 8.75782227e+002 7.77466187e+002
  7.93083252e+002 7.78967773e+002 7.09410767e+002 7.80359924e+002
  6.24330078e+002 7.81207642e+002 5.38254700e+002 7.82157776e+002
  4.51850037e+002 7.82703369e+002 3.65797485e+002 7.82074646e+002
  2.82621216e+002 7.80389343e+002 2.01835236e+002 7.78114380e+002
  9.57554443e+002 6.94743103e+002 8.76677673e+002 6.95019409e+002
  7.94692322e+002 6.95491943e+002 7.11330444e+002 6.96352234e+002
  6.26101929e+002 6.96746887e+002 5.39533508e+002 6.97326782e+002
  4.53023041e+002 6.97364502e+002 3.67050568e+002 6.96833679e+002
  2.83724548e+002 6.95538330e+002 2.03103729e+002 6.93637451e+002
  9.57966736e+002 6.13632813e+002 8.78052734e+002 6.13364868e+002
  7.96204773e+002 6.13093567e+002 7.12944885e+002 6.12883911e+002
  6.28058167e+002 6.12890015e+002 5.41510986e+002 6.12832214e+002
  4.54101501e+002 6.12705688e+002 3.69684723e+002 6.11554260e+002
  2.86287292e+002 6.10524353e+002 2.04597702e+002 6.09168945e+002
  9.58778992e+002 5.33273682e+002 8.78719238e+002 5.32726807e+002
  7.97423889e+002 5.32385193e+002 7.14715393e+002 5.31505188e+002
  6.29512756e+002 5.30510681e+002 5.42637634e+002 5.29222168e+002
  4.58132538e+002 5.28440430e+002 3.72138824e+002 5.27161255e+002
  2.87704498e+002 5.26251404e+002 2.06538742e+002 5.24896851e+002
  9.58914612e+002 4.53544983e+002 8.79215820e+002 4.52752228e+002
  7.98176758e+002 4.51508606e+002 7.16738953e+002 4.49858673e+002
  6.32749939e+002 4.48388428e+002 5.46847046e+002 4.46506866e+002
  4.60619629e+002 4.44713654e+002 3.76408966e+002 4.43412415e+002
  2.93294250e+002 4.42466522e+002 2.12179535e+002 4.41523438e+002
  9.58619751e+002 3.75271210e+002 8.79627441e+002 3.73421600e+002
  7.99024475e+002 3.71193115e+002 7.18456604e+002 3.68943176e+002
  6.34821167e+002 3.66612244e+002 5.50641846e+002 3.64632782e+002
  4.65346710e+002 3.62350098e+002 3.81041901e+002 3.60827118e+002
  2.99080383e+002 3.60053284e+002 2.18668686e+002 3.59017731e+002
  9.58886230e+002 2.96995544e+002 8.80074280e+002 2.94667755e+002
  7.99950134e+002 2.91903625e+002 7.20056335e+002 2.88695557e+002
  6.36708130e+002 2.85514923e+002 5.53873169e+002 2.83742096e+002
  4.69537476e+002 2.80976257e+002 3.86441620e+002 2.79363739e+002
  3.05207397e+002 2.78870941e+002 2.26064362e+002 2.78886444e+002</camera>
<projector>
  8.54331970e+002 6.62627380e+002 7.92346497e+002 6.60777893e+002
  7.26193054e+002 6.59998047e+002 6.57459656e+002 6.58271545e+002
  5.84573120e+002 6.57141846e+002 5.08499329e+002 6.55645935e+002
  4.29651886e+002 6.54650024e+002 3.44748199e+002 6.52781250e+002
  2.56473480e+002 6.50412354e+002 1.63031158e+002 6.48497803e+002
  8.55075806e+002 5.90867737e+002 7.91766968e+002 5.87291687e+002
  7.26047791e+002 5.83711365e+002 6.57020630e+002 5.80754211e+002
  5.84384155e+002 5.78011597e+002 5.09201324e+002 5.74207214e+002
  4.28996094e+002 5.70448608e+002 3.44753815e+002 5.67231262e+002
  2.56595154e+002 5.63636353e+002 1.63722702e+002 5.59346252e+002
  8.53683044e+002 5.18491028e+002 7.90917603e+002 5.13325195e+002
  7.25240723e+002 5.08663727e+002 6.56483154e+002 5.03943146e+002
  5.84365540e+002 4.98946533e+002 5.09075073e+002 4.93648834e+002
  4.29232300e+002 4.87953400e+002 3.45358887e+002 4.82352142e+002
  2.56519257e+002 4.76153748e+002 1.64484650e+002 4.68860901e+002
  8.53648621e+002 4.45828735e+002 7.90945313e+002 4.40525055e+002
  7.24359375e+002 4.34357727e+002 6.56412415e+002 4.28447144e+002
  5.84761047e+002 4.21075439e+002 5.09301422e+002 4.12369934e+002
  4.29209412e+002 4.05006378e+002 3.45293121e+002 3.96921051e+002
  2.57288391e+002 3.88268219e+002 1.64211884e+002 3.79425903e+002
  8.52833496e+002 3.74526154e+002 7.88912964e+002 3.67571930e+002
  7.23052490e+002 3.60324249e+002 6.56020508e+002 3.51809082e+002
  5.83900696e+002 3.42545227e+002 5.08449982e+002 3.33549072e+002
  4.29434174e+002 3.23346313e+002 3.45128021e+002 3.12613098e+002
  2.57307312e+002 3.01671600e+002 1.65248489e+002 2.91459686e+002
  8.51178101e+002 3.03460663e+002 7.87614868e+002 2.94097443e+002
  7.22133301e+002 2.84590881e+002 6.54701538e+002 2.75141083e+002
  5.83397278e+002 2.64952179e+002 5.07866730e+002 2.54353241e+002
  4.28489441e+002 2.41146866e+002 3.45294800e+002 2.29631683e+002
  2.57786041e+002 2.16535355e+002 1.66649078e+002 2.02609314e+002
  8.48828369e+002 2.31942368e+002 7.86294006e+002 2.22364624e+002
  7.21060547e+002 2.11060135e+002 6.54698730e+002 1.99357391e+002
  5.83567200e+002 1.86916428e+002 5.07285858e+002 1.74393158e+002
  4.28878418e+002 1.60071182e+002 3.45281738e+002 1.45415054e+002
  2.58365723e+002 1.30968124e+002 1.67311920e+002 1.16241814e+002</projector>
</opencv_storage>
