<?xml version="1.0"?>
<opencv_storage>
<world>
  0. 0. 0. 48. 0. 0. 96. 0. 0. 144. 0. 0. 192. 0. 0. 240. 0. 0. 288. 0.
  0. 336. 0. 0. 384. 0. 0. 432. 0. 0. 0. 48. 0. 48. 48. 0. 96. 48. 0.
  144. 48. 0. 192. 48. 0. 240. 48. 0. 288. 48. 0. 336. 48. 0. 384. 48.
  0. 432. 48. 0. 0. 96. 0. 48. 96. 0. 96. 96. 0. 144. 96. 0. 192. 96. 0.
  240. 96. 0. 288. 96. 0. 336. 96. 0. 384. 96. 0. 432. 96. 0. 0. 144. 0.
  48. 144. 0. 96. 144. 0. 144. 144. 0. 192. 144. 0. 240. 144. 0. 288.
  144. 0. 336. 144. 0. 384. 144. 0. 432. 144. 0. 0. 192. 0. 48. 192. 0.
  96. 192. 0. 144. 192. 0. 192. 192. 0. 240. 192. 0. 288. 192. 0. 336.
  192. 0. 384. 192. 0. 432. 192. 0. 0. 240. 0. 48. 240. 0. 96. 240. 0.
  144. 240. 0. 192. 240. 0. 240. 240. 0. 288. 240. 0. 336. 240. 0. 384.
  240. 0. 432. 240. 0. 0. 288. 0. 48. 288. 0. 96. 288. 0. 144. 288. 0.
  192. 288. 0. 240. 288. 0. 288. 288. 0. 336. 288. 0. 384. 288. 0. 432.
  288. 0.</world>
<camera>
  1.36862646e+003 6.01253296e+002 1.29544727e+003 5.99400940e+002
  1.22340283e+003 5.97704346e+002 1.15347351e+003 5.96516785e+002
  1.08490979e+003 5.94749634e+002 1.01834998e+003 5.93469055e+002
  9.53637939e+002 5.92150696e+002 8.89617249e+002 5.90781921e+002
  8.27825134e+002 5.89119812e+002 7.67488953e+002 5.87803528e+002
  1.36622620e+003 5.31277466e+002 1.29360681e+003 5.30728333e+002
  1.22226294e+003 5.29741333e+002 1.15281836e+003 5.29047241e+002
  1.08493713e+003 5.28781250e+002 1.01917474e+003 5.28125244e+002
  9.54694580e+002 5.27391418e+002 8.91668640e+002 5.27065491e+002
  8.30488342e+002 5.26511292e+002 7.70492310e+002 5.25632324e+002
  1.36350952e+003 4.62943756e+002 1.29175244e+003 4.62927612e+002
  1.22112598e+003 4.63029419e+002 1.15219568e+003 4.63340485e+002
  1.08508569e+003 4.63510010e+002 1.01973590e+003 4.63938629e+002
  9.55824463e+002 4.63958588e+002 8.93734009e+002 4.64612823e+002
  8.33115356e+002 4.64635498e+002 7.73556396e+002 4.64669830e+002
  1.36096863e+003 3.95260620e+002 1.28980566e+003 3.96603241e+002
  1.21971191e+003 3.98376251e+002 1.15181799e+003 3.99502838e+002
  1.08540137e+003 3.99997253e+002 1.02041168e+003 4.00799530e+002
  9.57474548e+002 4.02217834e+002 8.95514099e+002 4.02924103e+002
  8.35039063e+002 4.03533539e+002 7.76110229e+002 4.04430359e+002
  1.35754773e+003 3.29615143e+002 1.28688660e+003 3.32313049e+002
  1.21779797e+003 3.34243011e+002 1.15133606e+003 3.36330811e+002
  1.08566821e+003 3.38252472e+002 1.02137286e+003 3.39501282e+002
  9.58577637e+002 3.40985565e+002 8.97409546e+002 3.42875488e+002
  8.37950439e+002 3.44418884e+002 7.79228760e+002 3.45725769e+002
  1.35330286e+003 2.66542389e+002 1.28416846e+003 2.68767395e+002
  1.21593652e+003 2.71591217e+002 1.15069238e+003 2.74276428e+002
  1.08561316e+003 2.76644745e+002 1.02217865e+003 2.79377686e+002
  9.59867126e+002 2.81316223e+002 8.99476440e+002 2.83541809e+002
  8.40323547e+002 2.86002869e+002 7.82412354e+002 2.88057465e+002
  1.34927356e+003 2.04288712e+002 1.28125354e+003 2.07374725e+002
  1.21427808e+003 2.10576752e+002 1.15019775e+003 2.13291794e+002
  1.08583289e+003 2.16017090e+002 1.02271155e+003 2.20252289e+002
  9.61556824e+002 2.22784805e+002 9.01210876e+002 2.25621964e+002
  8.42747742e+002 2.28734161e+002 7.85453674e+002 2.31565582e+002</camera>
<projector>
  1.14135925e+003 5.38940002e+002 1.08433020e+003 5.38990601e+002
  1.02671301e+003 5.37507385e+002 9.68864075e+002 5.36417786e+002
  9.09087646e+002 5.33955750e+002 8.48497375e+002 5.32139648e+002
  7.87029175e+002 5.30556702e+002 7.24077759e+002 5.29132813e+002
  6.59661865e+002 5.26027466e+002 5.93060059e+002 5.24661865e+002
  1.13764282e+003 4.80066864e+002 1.08189136e+003 4.78730652e+002
  1.02504321e+003 4.76457458e+002 9.65974915e+002 4.73773865e+002
  9.06453735e+002 4.71217133e+002 8.46963074e+002 4.68661102e+002
  7.86113098e+002 4.66497375e+002 7.22450439e+002 4.64892151e+002
  6.57894348e+002 4.62785950e+002 5.92804443e+002 4.59046234e+002
  1.13544763e+003 4.19573547e+002 1.07927905e+003 4.17906647e+002
  1.02203754e+003 4.15235291e+002 9.63765137e+002 4.11683929e+002
  9.04673157e+002 4.10021027e+002 8.44566772e+002 4.05943634e+002
  7.84444153e+002 4.03054077e+002 7.21431213e+002 4.01282166e+002
  6.56605042e+002 3.97766083e+002 5.93431885e+002 3.95022919e+002
  1.13179785e+003 3.59730896e+002 1.07592725e+003 3.58887421e+002
  1.01978143e+003 3.55408081e+002 9.62159973e+002 3.52463226e+002
  9.01787292e+002 3.47293945e+002 8.42350525e+002 3.44912689e+002
  7.81703125e+002 3.40999054e+002 7.20978271e+002 3.37649323e+002
  6.57198425e+002 3.33475159e+002 5.92471741e+002 3.28839264e+002
  1.12868848e+003 3.02029877e+002 1.07312354e+003 2.97732452e+002
  1.01636383e+003 2.95296234e+002 9.58570557e+002 2.91231781e+002
  9.01365234e+002 2.87437561e+002 8.40261963e+002 2.83574585e+002
  7.80877502e+002 2.79780945e+002 7.17998047e+002 2.74729919e+002
  6.56521179e+002 2.70669098e+002 5.91030884e+002 2.65968994e+002
  1.12413086e+003 2.46038055e+002 1.07001416e+003 2.41283218e+002
  1.01296155e+003 2.36935974e+002 9.57272644e+002 2.32735809e+002
  8.98571411e+002 2.27617310e+002 8.40000305e+002 2.22648224e+002
  7.79075989e+002 2.17394440e+002 7.17179321e+002 2.14078979e+002
  6.54336548e+002 2.08817200e+002 5.89787903e+002 2.03874908e+002
  1.11982764e+003 1.88209229e+002 1.06572034e+003 1.82574188e+002
  1.01011115e+003 1.78335892e+002 9.55490112e+002 1.72536194e+002
  8.97476807e+002 1.67261383e+002 8.37124573e+002 1.64116119e+002
  7.78340637e+002 1.58244415e+002 7.16489380e+002 1.52583969e+002
  6.54212891e+002 1.47831848e+002 5.88768921e+002 1.42632477e+002</projector>
</opencv_storage>
