<?xml version="1.0"?>
<opencv_storage>
<world>
  0. 0. 0. 48. 0. 0. 96. 0. 0. 144. 0. 0. 192. 0. 0. 240. 0. 0. 288. 0.
  0. 336. 0. 0. 384. 0. 0. 432. 0. 0. 0. 48. 0. 48. 48. 0. 96. 48. 0.
  144. 48. 0. 192. 48. 0. 240. 48. 0. 288. 48. 0. 336. 48. 0. 384. 48.
  0. 432. 48. 0. 0. 96. 0. 48. 96. 0. 96. 96. 0. 144. 96. 0. 192. 96. 0.
  240. 96. 0. 288. 96. 0. 336. 96. 0. 384. 96. 0. 432. 96. 0. 0. 144. 0.
  48. 144. 0. 96. 144. 0. 144. 144. 0. 192. 144. 0. 240. 144. 0. 288.
  144. 0. 336. 144. 0. 384. 144. 0. 432. 144. 0. 0. 192. 0. 48. 192. 0.
  96. 192. 0. 144. 192. 0. 192. 192. 0. 240. 192. 0. 288. 192. 0. 336.
  192. 0. 384. 192. 0. 432. 192. 0. 0. 240. 0. 48. 240. 0. 96. 240. 0.
  144. 240. 0. 192. 240. 0. 240. 240. 0. 288. 240. 0. 336. 240. 0. 384.
  240. 0. 432. 240. 0. 0. 288. 0. 48. 288. 0. 96. 288. 0. 144. 288. 0.
  192. 288. 0. 240. 288. 0. 288. 288. 0. 336. 288. 0. 384. 288. 0. 432.
  288. 0.</world>
<camera>
  1.39845740e+003 7.42554688e+002 1.32579834e+003 7.38731750e+002
  1.25463379e+003 7.34987366e+002 1.18557678e+003 7.30981262e+002
  1.11799890e+003 7.26845215e+002 1.05332434e+003 7.23059753e+002
  9.89971069e+002 7.19659607e+002 9.28460266e+002 7.16368225e+002
  8.69520508e+002 7.12624329e+002 8.12085144e+002 7.09111450e+002
  1.39775269e+003 6.73007019e+002 1.32529224e+003 6.70430725e+002
  1.25391431e+003 6.67269775e+002 1.18529675e+003 6.64357544e+002
  1.11809827e+003 6.61447021e+002 1.05362610e+003 6.58919495e+002
  9.90970581e+002 6.56622437e+002 9.29894409e+002 6.53960510e+002
  8.71329102e+002 6.51206909e+002 8.14250061e+002 6.48934265e+002
  1.39647046e+003 6.04429688e+002 1.32407837e+003 6.02577332e+002
  1.25353381e+003 6.00587830e+002 1.18476587e+003 5.98803955e+002
  1.11818420e+003 5.97022339e+002 1.05393079e+003 5.95459412e+002
  9.91699097e+002 5.93972107e+002 9.31557373e+002 5.92616211e+002
  8.73148926e+002 5.90879333e+002 8.16289856e+002 5.89206909e+002
  1.39541736e+003 5.35733459e+002 1.32336121e+003 5.35321838e+002
  1.25256750e+003 5.35239624e+002 1.18453259e+003 5.34774292e+002
  1.11863220e+003 5.33721985e+002 1.05456384e+003 5.33002991e+002
  9.92851868e+002 5.32726868e+002 9.32515564e+002 5.31816772e+002
  8.74417908e+002 5.31137573e+002 8.17805908e+002 5.30606628e+002
  1.39322705e+003 4.68694550e+002 1.32100598e+003 4.69551971e+002
  1.25121118e+003 4.70445160e+002 1.18440784e+003 4.70988739e+002
  1.11875598e+003 4.71230164e+002 1.05531091e+003 4.71405731e+002
  9.93739502e+002 4.71491425e+002 9.34027771e+002 4.72100647e+002
  8.76387817e+002 4.72431488e+002 8.20089111e+002 4.72506958e+002
  1.38983142e+003 4.02988586e+002 1.31897876e+003 4.04741241e+002
  1.24993762e+003 4.06399170e+002 1.18408252e+003 4.07610992e+002
  1.11880273e+003 4.09207642e+002 1.05580994e+003 4.10557922e+002
  9.94657837e+002 4.11657867e+002 9.35614258e+002 4.13010620e+002
  8.78178223e+002 4.14019073e+002 8.22295227e+002 4.15052795e+002
  1.38722400e+003 3.38150024e+002 1.31722070e+003 3.40725159e+002
  1.24880017e+003 3.43101685e+002 1.18394824e+003 3.45321991e+002
  1.11935327e+003 3.47397919e+002 1.05644177e+003 3.50611511e+002
  9.95866272e+002 3.52421539e+002 9.36967712e+002 3.54498413e+002
  8.79927429e+002 3.56552521e+002 8.24463318e+002 3.58451874e+002</camera>
<projector>
  1.16048425e+003 6.69546631e+002 1.10458301e+003 6.68965881e+002
  1.04782288e+003 6.68215942e+002 9.90095947e+002 6.67785522e+002
  9.29930664e+002 6.67560486e+002 8.70144836e+002 6.66692993e+002
  8.09830566e+002 6.67029236e+002 7.47220154e+002 6.65919006e+002
  6.86178772e+002 6.65982178e+002 6.22405334e+002 6.64474670e+002
  1.15935718e+003 6.08757507e+002 1.10265955e+003 6.07958008e+002
  1.04552234e+003 6.06387939e+002 9.87993530e+002 6.05666992e+002
  9.28793579e+002 6.04897705e+002 8.70020203e+002 6.04520935e+002
  8.09289795e+002 6.04308044e+002 7.47537964e+002 6.03184753e+002
  6.84864197e+002 6.01578369e+002 6.22008057e+002 6.00883057e+002
  1.15699670e+003 5.48835876e+002 1.10117920e+003 5.48057373e+002
  1.04496313e+003 5.46323120e+002 9.86843262e+002 5.45459473e+002
  9.27769592e+002 5.43518494e+002 8.68481567e+002 5.41884766e+002
  8.08790588e+002 5.40975891e+002 7.47556274e+002 5.40784912e+002
  6.84637939e+002 5.38744385e+002 6.21701538e+002 5.36631226e+002
  1.15602332e+003 4.89274719e+002 1.09991846e+003 4.87075775e+002
  1.04326587e+003 4.86396729e+002 9.85751770e+002 4.85320618e+002
  9.27462646e+002 4.82961395e+002 8.68373474e+002 4.81137604e+002
  8.07834045e+002 4.79573090e+002 7.46662537e+002 4.77887543e+002
  6.84040039e+002 4.75422943e+002 6.21704590e+002 4.74226746e+002
  1.15382251e+003 4.30173767e+002 1.09741333e+003 4.28631561e+002
  1.04046448e+003 4.26301117e+002 9.83471436e+002 4.24564240e+002
  9.25834778e+002 4.22338501e+002 8.66043945e+002 4.19567108e+002
  8.07184265e+002 4.17206787e+002 7.45613281e+002 4.15619629e+002
  6.83470825e+002 4.13194305e+002 6.21222656e+002 4.11378815e+002
  1.15111145e+003 3.71579102e+002 1.09489368e+003 3.69550934e+002
  1.03863806e+003 3.66785400e+002 9.82319092e+002 3.65085266e+002
  9.23992676e+002 3.61535034e+002 8.65111206e+002 3.59938324e+002
  8.06027100e+002 3.57181366e+002 7.45708191e+002 3.54373108e+002
  6.83653870e+002 3.51520264e+002 6.20808838e+002 3.48627289e+002
  1.14834021e+003 3.12918457e+002 1.09264771e+003 3.10757843e+002
  1.03675989e+003 3.07962921e+002 9.81070557e+002 3.04372009e+002
  9.23113831e+002 3.01319489e+002 8.63471680e+002 2.99898010e+002
  8.04715088e+002 2.95894958e+002 7.44475830e+002 2.92759308e+002
  6.83217407e+002 2.90684052e+002 6.20296448e+002 2.86258728e+002</projector>
</opencv_storage>
