<?xml version="1.0"?>
<opencv_storage>
<world>
  0. 0. 0. 48. 0. 0. 96. 0. 0. 144. 0. 0. 192. 0. 0. 240. 0. 0. 288. 0.
  0. 336. 0. 0. 384. 0. 0. 432. 0. 0. 0. 48. 0. 48. 48. 0. 96. 48. 0.
  144. 48. 0. 192. 48. 0. 240. 48. 0. 288. 48. 0. 336. 48. 0. 384. 48.
  0. 432. 48. 0. 0. 96. 0. 48. 96. 0. 96. 96. 0. 144. 96. 0. 192. 96. 0.
  240. 96. 0. 288. 96. 0. 336. 96. 0. 384. 96. 0. 432. 96. 0. 0. 144. 0.
  48. 144. 0. 96. 144. 0. 144. 144. 0. 192. 144. 0. 240. 144. 0. 288.
  144. 0. 336. 144. 0. 384. 144. 0. 432. 144. 0. 0. 192. 0. 48. 192. 0.
  96. 192. 0. 144. 192. 0. 192. 192. 0. 240. 192. 0. 288. 192. 0. 336.
  192. 0. 384. 192. 0. 432. 192. 0. 0. 240. 0. 48. 240. 0. 96. 240. 0.
  144. 240. 0. 192. 240. 0. 240. 240. 0. 288. 240. 0. 336. 240. 0. 384.
  240. 0. 432. 240. 0. 0. 288. 0. 48. 288. 0. 96. 288. 0. 144. 288. 0.
  192. 288. 0. 240. 288. 0. 288. 288. 0. 336. 288. 0. 384. 288. 0. 432.
  288. 0.</world>
<camera>
  9.63733765e+002 7.16727417e+002 9.02600037e+002 7.17429504e+002
  8.40416504e+002 7.18382935e+002 7.77909851e+002 7.19240173e+002
  7.13706177e+002 7.20314331e+002 6.48373413e+002 7.21248535e+002
  5.81819336e+002 7.22275940e+002 5.14357666e+002 7.22961121e+002
  4.47698975e+002 7.22983704e+002 3.80734589e+002 7.22991272e+002
  9.63778442e+002 6.54730591e+002 9.03403259e+002 6.54920776e+002
  8.41861938e+002 6.55118225e+002 7.79493042e+002 6.55559448e+002
  7.15716125e+002 6.56074463e+002 6.50737549e+002 6.56638123e+002
  5.84796753e+002 6.56970825e+002 5.18141479e+002 6.57283875e+002
  4.51418945e+002 6.57048401e+002 3.84948975e+002 6.56789490e+002
  9.63802368e+002 5.93657043e+002 9.03931763e+002 5.93357666e+002
  8.42885376e+002 5.93084412e+002 7.81054016e+002 5.92879822e+002
  7.17678284e+002 5.92961548e+002 6.53432922e+002 5.92845581e+002
  5.87378296e+002 5.92942261e+002 5.21734131e+002 5.92747864e+002
  4.55688385e+002 5.92347839e+002 3.89416321e+002 5.91575684e+002
  9.63811340e+002 5.33341309e+002 9.04241821e+002 5.33019714e+002
  8.43808411e+002 5.32878296e+002 7.82437012e+002 5.32484070e+002
  7.19586060e+002 5.31339905e+002 6.55341858e+002 5.30821594e+002
  5.91184204e+002 5.29850220e+002 5.25305420e+002 5.29035950e+002
  4.59060669e+002 5.28433472e+002 3.93235687e+002 5.27312683e+002
  9.63415161e+002 4.74489227e+002 9.04238464e+002 4.73652588e+002
  8.44227356e+002 4.72939301e+002 7.83924133e+002 4.72006226e+002
  7.22156555e+002 4.70932648e+002 6.58679321e+002 4.69157867e+002
  5.94066833e+002 4.67768921e+002 5.29413696e+002 4.66792969e+002
  4.64435333e+002 4.65611084e+002 3.99022369e+002 4.64599213e+002
  9.62744019e+002 4.16770752e+002 9.04321960e+002 4.15324768e+002
  8.44690369e+002 4.14148651e+002 7.85534119e+002 4.12679352e+002
  7.23878235e+002 4.10821838e+002 6.61538574e+002 4.09130524e+002
  5.97644409e+002 4.07153259e+002 5.33296265e+002 4.05384613e+002
  4.69299866e+002 4.04126984e+002 4.04752960e+002 4.02791687e+002
  9.62536987e+002 3.59388336e+002 9.04259033e+002 3.57952362e+002
  8.45482788e+002 3.56052368e+002 7.86791382e+002 3.53970642e+002
  7.25662964e+002 3.51418579e+002 6.64024231e+002 3.49939606e+002
  6.01162109e+002 3.47407318e+002 5.37466431e+002 3.45312317e+002
  4.74113708e+002 3.43685120e+002 4.10598389e+002 3.42306122e+002</camera>
<projector>
  7.79578308e+002 6.68420959e+002 7.24418762e+002 6.66430420e+002
  6.66036438e+002 6.65625000e+002 6.06855103e+002 6.64563538e+002
  5.44042114e+002 6.63555359e+002 4.77625000e+002 6.62567139e+002
  4.09868378e+002 6.61494507e+002 3.36957825e+002 6.60402527e+002
  2.62959473e+002 6.59122192e+002 1.84230484e+002 6.57510620e+002
  7.77355591e+002 6.06480042e+002 7.21268738e+002 6.03798828e+002
  6.64790649e+002 6.00970154e+002 6.04319519e+002 5.98982300e+002
  5.42024719e+002 5.96227539e+002 4.76952057e+002 5.94150574e+002
  4.08844879e+002 5.91076172e+002 3.36811584e+002 5.88028198e+002
  2.61839813e+002 5.85046753e+002 1.84272415e+002 5.82048584e+002
  7.74773682e+002 5.44426208e+002 7.19817627e+002 5.40266846e+002
  6.62518921e+002 5.36602112e+002 6.02531677e+002 5.33067505e+002
  5.40574463e+002 5.29175720e+002 4.75018524e+002 5.25228088e+002
  4.07171722e+002 5.21001526e+002 3.36359161e+002 5.17198425e+002
  2.62139832e+002 5.11759430e+002 1.83582474e+002 5.07169495e+002
  7.72344360e+002 4.81719299e+002 7.17578613e+002 4.77826233e+002
  6.60255188e+002 4.73754913e+002 6.00235352e+002 4.68340118e+002
  5.39296570e+002 4.62604065e+002 4.74092163e+002 4.57731598e+002
  4.06582733e+002 4.51880737e+002 3.35102814e+002 4.45431183e+002
  2.61178528e+002 4.38727814e+002 1.83457047e+002 4.31621582e+002
  7.69575562e+002 4.20904388e+002 7.14247375e+002 4.16369324e+002
  6.57338562e+002 4.10561737e+002 5.98911377e+002 4.04426300e+002
  5.37072998e+002 3.98039429e+002 4.73263855e+002 3.90184143e+002
  4.05623260e+002 3.82989685e+002 3.34430023e+002 3.75926666e+002
  2.60831848e+002 3.68093567e+002 1.84660660e+002 3.60342651e+002
  7.66904297e+002 3.61892853e+002 7.11504944e+002 3.54613556e+002
  6.55048706e+002 3.47729706e+002 5.97605408e+002 3.41155823e+002
  5.35694153e+002 3.32575897e+002 4.71489502e+002 3.24374451e+002
  4.04587616e+002 3.15116577e+002 3.33219452e+002 3.05808319e+002
  2.60369202e+002 2.96654022e+002 1.84326202e+002 2.87250671e+002
  7.64472290e+002 3.01147400e+002 7.08914978e+002 2.94131073e+002
  6.52370056e+002 2.85747009e+002 5.95586853e+002 2.76843597e+002
  5.34705811e+002 2.66857117e+002 4.69498199e+002 2.58766632e+002
  4.03089355e+002 2.47487671e+002 3.32627838e+002 2.36769928e+002
  2.60217285e+002 2.27202286e+002 1.84181808e+002 2.14728317e+002</projector>
</opencv_storage>
