<?xml version="1.0"?>
<opencv_storage>
<world>
  0. 0. 0. 48. 0. 0. 96. 0. 0. 144. 0. 0. 192. 0. 0. 240. 0. 0. 288. 0.
  0. 336. 0. 0. 384. 0. 0. 432. 0. 0. 0. 48. 0. 48. 48. 0. 96. 48. 0.
  144. 48. 0. 192. 48. 0. 240. 48. 0. 288. 48. 0. 336. 48. 0. 384. 48.
  0. 432. 48. 0. 0. 96. 0. 48. 96. 0. 96. 96. 0. 144. 96. 0. 192. 96. 0.
  240. 96. 0. 288. 96. 0. 336. 96. 0. 384. 96. 0. 432. 96. 0. 0. 144. 0.
  48. 144. 0. 96. 144. 0. 144. 144. 0. 192. 144. 0. 240. 144. 0. 288.
  144. 0. 336. 144. 0. 384. 144. 0. 432. 144. 0. 0. 192. 0. 48. 192. 0.
  96. 192. 0. 144. 192. 0. 192. 192. 0. 240. 192. 0. 288. 192. 0. 336.
  192. 0. 384. 192. 0. 432. 192. 0. 0. 240. 0. 48. 240. 0. 96. 240. 0.
  144. 240. 0. 192. 240. 0. 240. 240. 0. 288. 240. 0. 336. 240. 0. 384.
  240. 0. 432. 240. 0. 0. 288. 0. 48. 288. 0. 96. 288. 0. 144. 288. 0.
  192. 288. 0. 240. 288. 0. 288. 288. 0. 336. 288. 0. 384. 288. 0. 432.
  288. 0.</world>
<camera>
  1.10122009e+003 7.24653992e+002 1.04001709e+003 7.26633057e+002
  9.77305481e+002 7.28691711e+002 9.12605225e+002 7.30879761e+002
  8.45814575e+002 7.32897095e+002 7.77356750e+002 7.35361633e+002
  7.06150085e+002 7.38326416e+002 6.32541260e+002 7.40690918e+002
  5.57870300e+002 7.42783325e+002 4.81743073e+002 7.44779846e+002
  1.10088269e+003 6.60696045e+002 1.03977283e+003 6.61480591e+002
  9.77490051e+002 6.62769348e+002 9.13368103e+002 6.63802307e+002
  8.46597107e+002 6.65002075e+002 7.78243286e+002 6.66800598e+002
  7.07597168e+002 6.68316711e+002 6.34451233e+002 6.69836304e+002
  5.59963745e+002 6.70730225e+002 4.84013062e+002 6.71864563e+002
  1.10045605e+003 5.96965759e+002 1.03980164e+003 5.97151184e+002
  9.77706299e+002 5.97223755e+002 9.13627808e+002 5.97461548e+002
  8.47435425e+002 5.98071594e+002 7.79196228e+002 5.98578674e+002
  7.08703125e+002 5.98971924e+002 6.36441467e+002 5.99045837e+002
  5.62149658e+002 5.99379822e+002 4.86099915e+002 5.99442627e+002
  1.10026953e+003 5.33685547e+002 1.03989050e+003 5.33413391e+002
  9.77535522e+002 5.33264648e+002 9.13848511e+002 5.32868103e+002
  8.48135620e+002 5.31855774e+002 7.80318909e+002 5.31147095e+002
  7.10474060e+002 5.30531738e+002 6.38048706e+002 5.29455444e+002
  5.63700623e+002 5.28696655e+002 4.88110657e+002 5.27883789e+002
  1.09968396e+003 4.71270325e+002 1.03875757e+003 4.70502655e+002
  9.76936584e+002 4.69197235e+002 9.14202209e+002 4.67738251e+002
  8.48835205e+002 4.66309998e+002 7.81518494e+002 4.64468384e+002
  7.11750122e+002 4.62475311e+002 6.40051758e+002 4.60662292e+002
  5.66598572e+002 4.59047668e+002 4.91277283e+002 4.56979675e+002
  1.09792908e+003 4.09705841e+002 1.03781750e+003 4.07718201e+002
  9.76457214e+002 4.05617828e+002 9.14625671e+002 4.03447418e+002
  8.49456177e+002 4.00843994e+002 7.82418640e+002 3.98349121e+002
  7.13317627e+002 3.95240784e+002 6.42104614e+002 3.92488861e+002
  5.69113586e+002 3.89700806e+002 4.94587738e+002 3.87011963e+002
  1.09728015e+003 3.48419891e+002 1.03744690e+003 3.45799896e+002
  9.76204346e+002 3.42748291e+002 9.15072083e+002 3.39504730e+002
  8.50249268e+002 3.35796570e+002 7.83450439e+002 3.32902252e+002
  7.14716614e+002 3.28834351e+002 6.44148071e+002 3.25193329e+002
  5.71826782e+002 3.21461487e+002 4.98242188e+002 3.18332092e+002</camera>
<projector>
  9.11807800e+002 6.68784424e+002 8.62365906e+002 6.67762939e+002
  8.10483948e+002 6.66482422e+002 7.56729980e+002 6.65282654e+002
  6.98717651e+002 6.64141785e+002 6.38330627e+002 6.62360779e+002
  5.75618164e+002 6.61362610e+002 5.08851929e+002 6.60521790e+002
  4.38441772e+002 6.58991394e+002 3.64761505e+002 6.57590881e+002
  9.11109253e+002 6.07336792e+002 8.61270569e+002 6.03701904e+002
  8.09148560e+002 6.02059265e+002 7.55178284e+002 5.98914063e+002
  6.98164490e+002 5.96247192e+002 6.37704651e+002 5.93500671e+002
  5.75145325e+002 5.90023010e+002 5.07577942e+002 5.87416687e+002
  4.37880371e+002 5.83680481e+002 3.64164215e+002 5.80100525e+002
  9.09303833e+002 5.44925903e+002 8.60111938e+002 5.40923462e+002
  8.08582275e+002 5.36598389e+002 7.54173401e+002 5.32284424e+002
  6.96390991e+002 5.28648315e+002 6.36901794e+002 5.24438171e+002
  5.74730896e+002 5.19010254e+002 5.06798737e+002 5.14031311e+002
  4.37044525e+002 5.08545074e+002 3.63617340e+002 5.02676605e+002
  9.08665344e+002 4.83527710e+002 8.59479614e+002 4.77686432e+002
  8.06999634e+002 4.73166138e+002 7.53014587e+002 4.68069794e+002
  6.96165466e+002 4.61785095e+002 6.36876953e+002 4.54828064e+002
  5.72975403e+002 4.49248260e+002 5.06832458e+002 4.41024475e+002
  4.37287537e+002 4.34629791e+002 3.63222168e+002 4.26538666e+002
  9.07788757e+002 4.21548828e+002 8.56766968e+002 4.16385895e+002
  8.05027283e+002 4.09224884e+002 7.51423157e+002 4.02783966e+002
  6.94602600e+002 3.95027924e+002 6.35660583e+002 3.86653534e+002
  5.72994507e+002 3.77823334e+002 5.05796021e+002 3.69882690e+002
  4.36599060e+002 3.60811462e+002 3.62742188e+002 3.50578461e+002
  9.04499756e+002 3.61267731e+002 8.54689392e+002 3.54114166e+002
  8.02639160e+002 3.45819427e+002 7.50679260e+002 3.36870911e+002
  6.93174927e+002 3.28556976e+002 6.32794861e+002 3.18659088e+002
  5.70765991e+002 3.08100006e+002 5.04913666e+002 2.97716919e+002
  4.35383484e+002 2.87428192e+002 3.62799469e+002 2.75199158e+002
  9.02447510e+002 3.00793945e+002 8.52717102e+002 2.92174255e+002
  8.01506042e+002 2.82593811e+002 7.49409058e+002 2.72933350e+002
  6.93035400e+002 2.61519623e+002 6.31785034e+002 2.51184631e+002
  5.70190552e+002 2.39397095e+002 5.04109863e+002 2.26659805e+002
  4.34972565e+002 2.13448227e+002 3.61596985e+002 2.00242279e+002</projector>
</opencv_storage>
