<?xml version="1.0"?>
<opencv_storage>
<world>
  0. 0. 0. 48. 0. 0. 96. 0. 0. 144. 0. 0. 192. 0. 0. 240. 0. 0. 288. 0.
  0. 336. 0. 0. 384. 0. 0. 432. 0. 0. 0. 48. 0. 48. 48. 0. 96. 48. 0.
  144. 48. 0. 192. 48. 0. 240. 48. 0. 288. 48. 0. 336. 48. 0. 384. 48.
  0. 432. 48. 0. 0. 96. 0. 48. 96. 0. 96. 96. 0. 144. 96. 0. 192. 96. 0.
  240. 96. 0. 288. 96. 0. 336. 96. 0. 384. 96. 0. 432. 96. 0. 0. 144. 0.
  48. 144. 0. 96. 144. 0. 144. 144. 0. 192. 144. 0. 240. 144. 0. 288.
  144. 0. 336. 144. 0. 384. 144. 0. 432. 144. 0. 0. 192. 0. 48. 192. 0.
  96. 192. 0. 144. 192. 0. 192. 192. 0. 240. 192. 0. 288. 192. 0. 336.
  192. 0. 384. 192. 0. 432. 192. 0. 0. 240. 0. 48. 240. 0. 96. 240. 0.
  144. 240. 0. 192. 240. 0. 240. 240. 0. 288. 240. 0. 336. 240. 0. 384.
  240. 0. 432. 240. 0. 0. 288. 0. 48. 288. 0. 96. 288. 0. 144. 288. 0.
  192. 288. 0. 240. 288. 0. 288. 288. 0. 336. 288. 0. 384. 288. 0. 432.
  288. 0.</world>
<camera>
  9.54030029e+002 5.92525574e+002 8.91091858e+002 5.92108521e+002
  8.27056091e+002 5.91395508e+002 7.62823181e+002 5.91052734e+002
  6.97570557e+002 5.91204529e+002 6.31463440e+002 5.90921814e+002
  5.64348572e+002 5.90598511e+002 4.96910706e+002 5.90405151e+002
  4.30538513e+002 5.89537903e+002 3.64912689e+002 5.88874084e+002
  9.54066528e+002 5.29849121e+002 8.91936340e+002 5.29152039e+002
  8.28851013e+002 5.28545410e+002 7.65387268e+002 5.27590759e+002
  7.01051636e+002 5.27147400e+002 6.35465149e+002 5.26610046e+002
  5.69629944e+002 5.25848755e+002 5.03321198e+002 5.25235168e+002
  4.37587830e+002 5.24802246e+002 3.72883789e+002 5.23680176e+002
  9.54165161e+002 4.69015045e+002 8.92633240e+002 4.67973480e+002
  8.30496277e+002 4.66889923e+002 7.67857056e+002 4.65858704e+002
  7.04309753e+002 4.65015228e+002 6.39677185e+002 4.63964386e+002
  5.74452026e+002 4.63001343e+002 5.09945343e+002 4.62335266e+002
  4.45170990e+002 4.61198517e+002 3.80788483e+002 4.60717072e+002
  9.54090454e+002 4.09275177e+002 8.93379822e+002 4.08273651e+002
  8.31999146e+002 4.07634735e+002 7.70379272e+002 4.06515656e+002
  7.07157043e+002 4.04644928e+002 6.43360046e+002 4.03013245e+002
  5.80281860e+002 4.02078888e+002 5.15789673e+002 4.01015686e+002
  4.51577271e+002 3.99662842e+002 3.88313019e+002 3.98898285e+002
  9.53585022e+002 3.51262634e+002 8.93527527e+002 3.50692505e+002
  8.33191223e+002 3.49391052e+002 7.72657715e+002 3.48153137e+002
  7.11155884e+002 3.46579437e+002 6.48315552e+002 3.44547699e+002
  5.85156677e+002 3.42653931e+002 5.22397888e+002 3.41541687e+002
  4.59792969e+002 3.40754822e+002 3.97226166e+002 3.39537994e+002
  9.52865540e+002 2.95643188e+002 8.93938904e+002 2.94159576e+002
  8.34173950e+002 2.92728455e+002 7.75075439e+002 2.91071533e+002
  7.14006958e+002 2.89092773e+002 6.52847839e+002 2.87622101e+002
  5.90633850e+002 2.85356018e+002 5.28793762e+002 2.84089508e+002
  4.67420258e+002 2.83178650e+002 4.06290955e+002 2.82282654e+002
  9.52611450e+002 2.40799911e+002 8.94125916e+002 2.39352875e+002
  8.35457214e+002 2.37608398e+002 7.77140381e+002 2.35400269e+002
  7.17211914e+002 2.33024948e+002 6.57122253e+002 2.32270432e+002
  5.96135193e+002 2.30007690e+002 5.35326111e+002 2.28525833e+002
  4.75068085e+002 2.27353516e+002 4.15162140e+002 2.26809845e+002</camera>
<projector>
  7.79995850e+002 5.35492676e+002 7.22612366e+002 5.31319763e+002
  6.62674561e+002 5.26984924e+002 6.01068726e+002 5.23606506e+002
  5.36009338e+002 5.20414795e+002 4.67539978e+002 5.16573608e+002
  3.97701111e+002 5.12473572e+002 3.23927856e+002 5.07858368e+002
  2.48016251e+002 5.04022675e+002 1.67720337e+002 4.98768982e+002
  7.76226501e+002 4.73176056e+002 7.18909424e+002 4.68199860e+002
  6.59466125e+002 4.63973175e+002 5.97237793e+002 4.58662354e+002
  5.32849548e+002 4.53398254e+002 4.65380249e+002 4.48529572e+002
  3.96258820e+002 4.42704620e+002 3.22566284e+002 4.36424286e+002
  2.47331802e+002 4.31274963e+002 1.67841324e+002 4.24873016e+002
  7.71953308e+002 4.11748016e+002 7.15547241e+002 4.06297821e+002
  6.55314270e+002 4.00133667e+002 5.94182800e+002 3.93969391e+002
  5.29860901e+002 3.87631470e+002 4.63729858e+002 3.80915863e+002
  3.94047668e+002 3.73884705e+002 3.21952087e+002 3.67180420e+002
  2.45936890e+002 3.59241119e+002 1.68011032e+002 3.52342987e+002
  7.68166870e+002 3.50613190e+002 7.11163452e+002 3.44162811e+002
  6.52306763e+002 3.38423096e+002 5.90757507e+002 3.31386261e+002
  5.27302368e+002 3.23004303e+002 4.61658417e+002 3.14194122e+002
  3.92501282e+002 3.06478699e+002 3.20808075e+002 2.98225464e+002
  2.46046646e+002 2.89420807e+002 1.66974167e+002 2.79777985e+002
  7.64510498e+002 2.90699341e+002 7.07706543e+002 2.84705444e+002
  6.47987244e+002 2.76224670e+002 5.88388977e+002 2.68283966e+002
  5.25044983e+002 2.60328857e+002 4.59065979e+002 2.50778076e+002
  3.90940613e+002 2.40916718e+002 3.19150543e+002 2.31229065e+002
  2.45996094e+002 2.21137711e+002 1.68330322e+002 2.10637863e+002
  7.59179382e+002 2.33275803e+002 7.03126526e+002 2.24214493e+002
  6.44776489e+002 2.16294647e+002 5.85216614e+002 2.06545731e+002
  5.22041687e+002 1.96501511e+002 4.56968994e+002 1.87283539e+002
  3.89723206e+002 1.75053970e+002 3.18460907e+002 1.64539581e+002
  2.44227203e+002 1.52894836e+002 1.68244217e+002 1.40927353e+002
  7.55089417e+002 1.75375244e+002 6.98671326e+002 1.65373383e+002
  6.40456177e+002 1.56341904e+002 5.82154663e+002 1.45065475e+002
  5.20264587e+002 1.34183167e+002 4.54754761e+002 1.23927704e+002
  3.87711517e+002 1.11567253e+002 3.17190704e+002 1.00116318e+002
  2.44553452e+002 8.64980469e+001 1.68627243e+002 7.45227127e+001</projector>
</opencv_storage>
