<?xml version="1.0"?>
<opencv_storage>
<world>
  0. 0. 0. 48. 0. 0. 96. 0. 0. 144. 0. 0. 192. 0. 0. 240. 0. 0. 288. 0.
  0. 336. 0. 0. 384. 0. 0. 432. 0. 0. 0. 48. 0. 48. 48. 0. 96. 48. 0.
  144. 48. 0. 192. 48. 0. 240. 48. 0. 288. 48. 0. 336. 48. 0. 384. 48.
  0. 432. 48. 0. 0. 96. 0. 48. 96. 0. 96. 96. 0. 144. 96. 0. 192. 96. 0.
  240. 96. 0. 288. 96. 0. 336. 96. 0. 384. 96. 0. 432. 96. 0. 0. 144. 0.
  48. 144. 0. 96. 144. 0. 144. 144. 0. 192. 144. 0. 240. 144. 0. 288.
  144. 0. 336. 144. 0. 384. 144. 0. 432. 144. 0. 0. 192. 0. 48. 192. 0.
  96. 192. 0. 144. 192. 0. 192. 192. 0. 240. 192. 0. 288. 192. 0. 336.
  192. 0. 384. 192. 0. 432. 192. 0. 0. 240. 0. 48. 240. 0. 96. 240. 0.
  144. 240. 0. 192. 240. 0. 240. 240. 0. 288. 240. 0. 336. 240. 0. 384.
  240. 0. 432. 240. 0. 0. 288. 0. 48. 288. 0. 96. 288. 0. 144. 288. 0.
  192. 288. 0. 240. 288. 0. 288. 288. 0. 336. 288. 0. 384. 288. 0. 432.
  288. 0.</world>
<camera>
  1.10781470e+003 7.15442505e+002 1.04770410e+003 7.10872131e+002
  9.89645935e+002 7.06546021e+002 9.34266907e+002 7.02520264e+002
  8.81523560e+002 6.98384888e+002 8.30282410e+002 6.94627380e+002
  7.80914368e+002 6.91160400e+002 7.33433533e+002 6.87558655e+002
  6.87776855e+002 6.84125122e+002 6.44036865e+002 6.80769897e+002
  1.10837561e+003 6.54686890e+002 1.04814709e+003 6.51097412e+002
  9.90616882e+002 6.48117798e+002 9.35706238e+002 6.44949036e+002
  8.82864746e+002 6.42497192e+002 8.31703369e+002 6.39866333e+002
  7.82717468e+002 6.37067078e+002 7.35414124e+002 6.34850891e+002
  6.90034485e+002 6.32453186e+002 6.46366882e+002 6.30102356e+002
  1.10906335e+003 5.93859314e+002 1.04917590e+003 5.92266785e+002
  9.91693298e+002 5.90189819e+002 9.36911499e+002 5.88578125e+002
  8.84087402e+002 5.86849426e+002 8.33385254e+002 5.85198425e+002
  7.84078308e+002 5.84023193e+002 7.37715149e+002 5.82597961e+002
  6.92613892e+002 5.81102234e+002 6.48766602e+002 5.79473511e+002
  1.10936462e+003 5.33765869e+002 1.04958606e+003 5.33442993e+002
  9.92641418e+002 5.33270264e+002 9.38164978e+002 5.32918152e+002
  8.85085510e+002 5.32502808e+002 8.34186890e+002 5.31613403e+002
  7.86528259e+002 5.31127991e+002 7.39407837e+002 5.30844116e+002
  6.94065247e+002 5.30208740e+002 6.50348572e+002 5.29547363e+002
  1.10939502e+003 4.74542542e+002 1.04990283e+003 4.75759033e+002
  9.93326843e+002 4.76773651e+002 9.39724609e+002 4.77450836e+002
  8.87480164e+002 4.78201172e+002 8.36793213e+002 4.78579315e+002
  7.88227539e+002 4.78935394e+002 7.41737366e+002 4.79296539e+002
  6.97114990e+002 4.79803467e+002 6.53362427e+002 4.80219757e+002
  1.10956360e+003 4.16336914e+002 1.05050867e+003 4.18545471e+002
  9.93839783e+002 4.20709869e+002 9.40806030e+002 4.22488464e+002
  8.88636841e+002 4.24158600e+002 8.38844849e+002 4.25668579e+002
  7.90428833e+002 4.27064728e+002 7.44030029e+002 4.28504120e+002
  6.99468384e+002 4.29822327e+002 6.56237061e+002 4.31155975e+002
  1.10968616e+003 3.58225830e+002 1.05102588e+003 3.61795471e+002
  9.94679993e+002 3.65080658e+002 9.41933899e+002 3.67792786e+002
  8.89907166e+002 3.70412933e+002 8.40666138e+002 3.73423920e+002
  7.92388794e+002 3.75596802e+002 7.46041260e+002 3.78082855e+002
  7.01823547e+002 3.80479004e+002 6.58847778e+002 3.82645660e+002</camera>
<projector>
  9.07310669e+002 6.68787842e+002 8.48123108e+002 6.68988342e+002
  7.88718872e+002 6.68965820e+002 7.28328003e+002 6.69170471e+002
  6.69024658e+002 6.68053467e+002 6.07381470e+002 6.68556152e+002
  5.46737732e+002 6.67538025e+002 4.83764404e+002 6.67706421e+002
  4.23056519e+002 6.67077209e+002 3.61031952e+002 6.67178345e+002
  9.05778381e+002 6.09853088e+002 8.47140381e+002 6.08777954e+002
  7.88317688e+002 6.08225891e+002 7.28780518e+002 6.07674255e+002
  6.68314209e+002 6.07189514e+002 6.08298889e+002 6.07001221e+002
  5.46754028e+002 6.06128723e+002 4.84314117e+002 6.06842773e+002
  4.23097931e+002 6.05389160e+002 3.60532288e+002 6.05474182e+002
  9.05726501e+002 5.50027161e+002 8.46638733e+002 5.48641907e+002
  7.87973206e+002 5.48312500e+002 7.28265686e+002 5.48317566e+002
  6.67988586e+002 5.47160217e+002 6.07217224e+002 5.45938782e+002
  5.46891602e+002 5.45847900e+002 4.86368195e+002 5.46103333e+002
  4.24509216e+002 5.45253174e+002 3.62862885e+002 5.43471436e+002
  9.04993713e+002 4.90051910e+002 8.46843506e+002 4.88957336e+002
  7.87520447e+002 4.88713257e+002 7.27883057e+002 4.88255127e+002
  6.67321655e+002 4.87766022e+002 6.07393860e+002 4.86359161e+002
  5.48072205e+002 4.85358459e+002 4.85357300e+002 4.85360535e+002
  4.24267609e+002 4.84150513e+002 3.61742126e+002 4.83506714e+002
  9.04038330e+002 4.31138428e+002 8.45036377e+002 4.30450378e+002
  7.85581787e+002 4.30044739e+002 7.28377136e+002 4.28662079e+002
  6.67719971e+002 4.27981140e+002 6.07885010e+002 4.27240326e+002
  5.47131775e+002 4.25796295e+002 4.86510651e+002 4.24257568e+002
  4.25347198e+002 4.23878052e+002 3.63215271e+002 4.22454590e+002
  9.03790161e+002 3.72301453e+002 8.44631165e+002 3.72073608e+002
  7.85595459e+002 3.71089722e+002 7.27803223e+002 3.69130371e+002
  6.68648438e+002 3.68739594e+002 6.07343750e+002 3.68137817e+002
  5.47201782e+002 3.65979919e+002 4.86934845e+002 3.65949371e+002
  4.25524658e+002 3.64028320e+002 3.64370544e+002 3.62424438e+002
  9.02091064e+002 3.13944916e+002 8.43119202e+002 3.13025665e+002
  7.85064331e+002 3.12068542e+002 7.27430420e+002 3.10792755e+002
  6.68220093e+002 3.08670990e+002 6.08452515e+002 3.08063965e+002
  5.47333557e+002 3.07265808e+002 4.87305786e+002 3.05481354e+002
  4.27129486e+002 3.03953308e+002 3.65989197e+002 3.03588013e+002</projector>
</opencv_storage>
