<?xml version="1.0"?>
<opencv_storage>
<world>
  0. 0. 0. 48. 0. 0. 96. 0. 0. 144. 0. 0. 192. 0. 0. 240. 0. 0. 288. 0.
  0. 336. 0. 0. 384. 0. 0. 432. 0. 0. 0. 48. 0. 48. 48. 0. 96. 48. 0.
  144. 48. 0. 192. 48. 0. 240. 48. 0. 288. 48. 0. 336. 48. 0. 384. 48.
  0. 432. 48. 0. 0. 96. 0. 48. 96. 0. 96. 96. 0. 144. 96. 0. 192. 96. 0.
  240. 96. 0. 288. 96. 0. 336. 96. 0. 384. 96. 0. 432. 96. 0. 0. 144. 0.
  48. 144. 0. 96. 144. 0. 144. 144. 0. 192. 144. 0. 240. 144. 0. 288.
  144. 0. 336. 144. 0. 384. 144. 0. 432. 144. 0. 0. 192. 0. 48. 192. 0.
  96. 192. 0. 144. 192. 0. 192. 192. 0. 240. 192. 0. 288. 192. 0. 336.
  192. 0. 384. 192. 0. 432. 192. 0. 0. 240. 0. 48. 240. 0. 96. 240. 0.
  144. 240. 0. 192. 240. 0. 240. 240. 0. 288. 240. 0. 336. 240. 0. 384.
  240. 0. 432. 240. 0. 0. 288. 0. 48. 288. 0. 96. 288. 0. 144. 288. 0.
  192. 288. 0. 240. 288. 0. 288. 288. 0. 336. 288. 0. 384. 288. 0. 432.
  288. 0.</world>
<camera>
  1.11627148e+003 5.95566284e+002 1.05102112e+003 5.92907593e+002
  9.89624023e+002 5.90363953e+002 9.31924438e+002 5.88163208e+002
  8.77975891e+002 5.85945129e+002 8.26630493e+002 5.84035706e+002
  7.77452820e+002 5.82158203e+002 7.30628967e+002 5.80523376e+002
  6.86628479e+002 5.78668335e+002 6.44824158e+002 5.76807251e+002
  1.11755627e+003 5.29896423e+002 1.05272644e+003 5.29037048e+002
  9.91881287e+002 5.28630554e+002 9.34823975e+002 5.27933533e+002
  8.81084167e+002 5.27690369e+002 8.29588806e+002 5.27251038e+002
  7.80988159e+002 5.26893372e+002 7.34519592e+002 5.26658569e+002
  6.91119141e+002 5.26065674e+002 6.49515442e+002 5.25688599e+002
  1.11886316e+003 4.65193573e+002 1.05466638e+003 4.66802185e+002
  9.94202698e+002 4.67741333e+002 9.37655090e+002 4.69174316e+002
  8.83945984e+002 4.70498535e+002 8.32869873e+002 4.71359497e+002
  7.83977295e+002 4.72453644e+002 7.38805481e+002 4.73519836e+002
  6.95461609e+002 4.74500000e+002 6.53694824e+002 4.75188416e+002
  1.11978113e+003 4.01377411e+002 1.05595459e+003 4.05139587e+002
  9.96269714e+002 4.08918213e+002 9.40166443e+002 4.11882385e+002
  8.86268188e+002 4.14119476e+002 8.35306946e+002 4.16538300e+002
  7.88126587e+002 4.19236786e+002 7.42366699e+002 4.21326172e+002
  6.98772156e+002 4.23373291e+002 6.57435120e+002 4.25221436e+002
  1.12034338e+003 3.39215149e+002 1.05756299e+003 3.45124146e+002
  9.98270691e+002 3.50456818e+002 9.43022400e+002 3.55091522e+002
  8.90122864e+002 3.59390320e+002 8.39502930e+002 3.62969177e+002
  7.91483887e+002 3.66621002e+002 7.46666016e+002 3.70277008e+002
  7.03648071e+002 3.73607269e+002 6.62393616e+002 3.76712921e+002
  1.12141357e+003 2.78931152e+002 1.05900183e+003 2.86171875e+002
  1.00000262e+003 2.92960144e+002 9.45607422e+002 2.99169342e+002
  8.92870178e+002 3.04654236e+002 8.43523621e+002 3.10387817e+002
  7.95503052e+002 3.15095245e+002 7.50488831e+002 3.19752167e+002
  7.07977539e+002 3.24525818e+002 6.67297852e+002 3.29090942e+002
  1.12209241e+003 2.19479034e+002 1.06024646e+003 2.28414993e+002
  1.00195734e+003 2.36598785e+002 9.47930664e+002 2.43920929e+002
  8.95536865e+002 2.50587540e+002 8.46520386e+002 2.58289276e+002
  7.99361389e+002 2.64272552e+002 7.54599243e+002 2.70230652e+002
  7.12327942e+002 2.76123810e+002 6.71709534e+002 2.81861267e+002</camera>
<projector>
  9.33868469e+002 5.37263977e+002 8.70924255e+002 5.36850586e+002
  8.08261108e+002 5.36373291e+002 7.45327637e+002 5.36700684e+002
  6.82771240e+002 5.36759644e+002 6.20427307e+002 5.36806519e+002
  5.56735718e+002 5.36749084e+002 4.95311249e+002 5.37696228e+002
  4.33226532e+002 5.37045593e+002 3.70750092e+002 5.36752808e+002
  9.33829041e+002 4.75224792e+002 8.70504700e+002 4.74751984e+002
  8.07664795e+002 4.75619476e+002 7.45529236e+002 4.74977570e+002
  6.82527832e+002 4.75389557e+002 6.20635193e+002 4.75130615e+002
  5.58149658e+002 4.75280121e+002 4.96568207e+002 4.75910065e+002
  4.33825684e+002 4.75454926e+002 3.73013824e+002 4.76108826e+002
  9.32647034e+002 4.13615662e+002 8.69852722e+002 4.14331909e+002
  8.06842712e+002 4.13949951e+002 7.45573059e+002 4.14214294e+002
  6.82973938e+002 4.13918915e+002 6.20966675e+002 4.13831451e+002
  5.58454468e+002 4.13932495e+002 4.97424133e+002 4.15645844e+002
  4.34932343e+002 4.15663452e+002 3.74368958e+002 4.14575378e+002
  9.31145203e+002 3.52573730e+002 8.68946106e+002 3.53084442e+002
  8.06030762e+002 3.54280762e+002 7.44509033e+002 3.54756195e+002
  6.82525635e+002 3.53807190e+002 6.20657898e+002 3.54415771e+002
  5.59644409e+002 3.54456024e+002 4.97613037e+002 3.54040344e+002
  4.36889862e+002 3.54109985e+002 3.73898315e+002 3.54299194e+002
  9.29299561e+002 2.92470123e+002 8.67635254e+002 2.93633575e+002
  8.05415771e+002 2.94080627e+002 7.44907959e+002 2.94911713e+002
  6.83387817e+002 2.94979919e+002 6.22136719e+002 2.95152710e+002
  5.60079712e+002 2.95281403e+002 5.00122375e+002 2.95465179e+002
  4.38756012e+002 2.96165161e+002 3.76854706e+002 2.95654877e+002
  9.27785034e+002 2.34162247e+002 8.66269592e+002 2.34954620e+002
  8.04611084e+002 2.35437302e+002 7.45669312e+002 2.35665268e+002
  6.83649170e+002 2.36585297e+002 6.23362183e+002 2.36534531e+002
  5.61950684e+002 2.36548004e+002 5.00331055e+002 2.36718567e+002
  4.40060638e+002 2.37745941e+002 3.79324860e+002 2.37653091e+002
  9.26450439e+002 1.75312469e+002 8.64591980e+002 1.75899323e+002
  8.04148071e+002 1.77795959e+002 7.44812744e+002 1.77676346e+002
  6.83886536e+002 1.78192413e+002 6.23422913e+002 1.78602203e+002
  5.62036438e+002 1.78272308e+002 5.02704437e+002 1.78233841e+002
  4.41018646e+002 1.79485016e+002 3.81604248e+002 1.80037445e+002</projector>
</opencv_storage>
