<?xml version="1.0"?>
<opencv_storage>
<world>
  0. 0. 0. 48. 0. 0. 96. 0. 0. 144. 0. 0. 192. 0. 0. 240. 0. 0. 288. 0.
  0. 336. 0. 0. 384. 0. 0. 432. 0. 0. 0. 48. 0. 48. 48. 0. 96. 48. 0.
  144. 48. 0. 192. 48. 0. 240. 48. 0. 288. 48. 0. 336. 48. 0. 384. 48.
  0. 432. 48. 0. 0. 96. 0. 48. 96. 0. 96. 96. 0. 144. 96. 0. 192. 96. 0.
  240. 96. 0. 288. 96. 0. 336. 96. 0. 384. 96. 0. 432. 96. 0. 0. 144. 0.
  48. 144. 0. 96. 144. 0. 144. 144. 0. 192. 144. 0. 240. 144. 0. 288.
  144. 0. 336. 144. 0. 384. 144. 0. 432. 144. 0. 0. 192. 0. 48. 192. 0.
  96. 192. 0. 144. 192. 0. 192. 192. 0. 240. 192. 0. 288. 192. 0. 336.
  192. 0. 384. 192. 0. 432. 192. 0. 0. 240. 0. 48. 240. 0. 96. 240. 0.
  144. 240. 0. 192. 240. 0. 240. 240. 0. 288. 240. 0. 336. 240. 0. 384.
  240. 0. 432. 240. 0. 0. 288. 0. 48. 288. 0. 96. 288. 0. 144. 288. 0.
  192. 288. 0. 240. 288. 0. 288. 288. 0. 336. 288. 0. 384. 288. 0. 432.
  288. 0.</world>
<camera>
  1.12167456e+003 7.66370483e+002 1.04681592e+003 7.58593018e+002
  9.76329956e+002 7.51114563e+002 9.10592468e+002 7.44323853e+002
  8.48223938e+002 7.37978882e+002 7.89026611e+002 7.32216919e+002
  7.32285950e+002 7.26386658e+002 6.78420898e+002 7.20950195e+002
  6.27629211e+002 7.15732300e+002 5.79363220e+002 7.10574585e+002
  1.12331897e+003 6.89793884e+002 1.05087427e+003 6.84493958e+002
  9.82589600e+002 6.79220886e+002 9.18286438e+002 6.74592834e+002
  8.57489319e+002 6.70631409e+002 7.99510925e+002 6.66490112e+002
  7.44495483e+002 6.62674805e+002 6.91641663e+002 6.59101990e+002
  6.42086121e+002 6.55182068e+002 5.94789551e+002 6.51957092e+002
  1.12468384e+003 6.18046997e+002 1.05464136e+003 6.14888000e+002
  9.88133362e+002 6.11856140e+002 9.25772400e+002 6.09337891e+002
  8.66432678e+002 6.06844177e+002 8.09670654e+002 6.04679810e+002
  7.55270447e+002 6.02219788e+002 7.04472046e+002 6.00284180e+002
  6.55754028e+002 5.98246643e+002 6.08810608e+002 5.95939514e+002
  1.12596716e+003 5.50273193e+002 1.05765918e+003 5.49252563e+002
  9.93432678e+002 5.49197021e+002 9.32787109e+002 5.48556458e+002
  8.74288818e+002 5.47028320e+002 8.18537170e+002 5.45658020e+002
  7.66869934e+002 5.45221985e+002 7.16264893e+002 5.44547974e+002
  6.67811768e+002 5.43335449e+002 6.21938416e+002 5.42663513e+002
  1.12687891e+003 4.86819061e+002 1.06064380e+003 4.88622131e+002
  9.98011719e+002 4.89425903e+002 9.39349792e+002 4.90416901e+002
  8.82917542e+002 4.90893005e+002 8.28572205e+002 4.90960022e+002
  7.76688599e+002 4.90938812e+002 7.27847290e+002 4.91378296e+002
  6.80952209e+002 4.92083038e+002 6.35589539e+002 4.92136963e+002
  1.12779565e+003 4.28146698e+002 1.06356848e+003 4.30758057e+002
  1.00244482e+003 4.33085876e+002 9.45614929e+002 4.35145691e+002
  8.90337036e+002 4.36900452e+002 8.37826172e+002 4.38782043e+002
  7.86899719e+002 4.39832794e+002 7.38851135e+002 4.41354401e+002
  6.92724304e+002 4.42880249e+002 6.48570374e+002 4.44227295e+002
  1.12869702e+003 3.71761139e+002 1.06594885e+003 3.76086487e+002
  1.00659497e+003 3.79445740e+002 9.51359802e+002 3.82568359e+002
  8.97152527e+002 3.85117767e+002 8.46129333e+002 3.88749756e+002
  7.96484863e+002 3.91112000e+002 7.49045654e+002 3.93507751e+002
  7.04202576e+002 3.96124451e+002 6.60880798e+002 3.98382019e+002</camera>
<projector>
  9.66528015e+002 6.71132690e+002 8.99562866e+002 6.71559448e+002
  8.32017639e+002 6.70698914e+002 7.66418518e+002 6.70212463e+002
  6.98154968e+002 6.70998596e+002 6.31444275e+002 6.70762878e+002
  5.62938660e+002 6.70092346e+002 4.94632690e+002 6.70213623e+002
  4.27251373e+002 6.70073853e+002 3.57837067e+002 6.69981812e+002
  9.60216003e+002 6.09273621e+002 8.94780457e+002 6.08586670e+002
  8.29324463e+002 6.08079773e+002 7.62786011e+002 6.08374268e+002
  6.96545654e+002 6.08727417e+002 6.31216797e+002 6.07299255e+002
  5.63759033e+002 6.07758118e+002 4.97408234e+002 6.07235596e+002
  4.30097382e+002 6.06518860e+002 3.63426697e+002 6.06856934e+002
  9.54899231e+002 5.48611023e+002 8.90417175e+002 5.48454102e+002
  8.25177490e+002 5.47895630e+002 7.60927124e+002 5.47489014e+002
  6.95259888e+002 5.47592407e+002 6.31056152e+002 5.47797485e+002
  5.64359802e+002 5.46133484e+002 4.98269226e+002 5.46264343e+002
  4.33909210e+002 5.45566406e+002 3.67429016e+002 5.45617249e+002
  9.49074951e+002 4.89495331e+002 8.85857361e+002 4.89115570e+002
  8.21299133e+002 4.89845673e+002 7.58657471e+002 4.90557678e+002
  6.93873596e+002 4.88885437e+002 6.30450378e+002 4.88022461e+002
  5.66339600e+002 4.87685638e+002 5.00570831e+002 4.88082550e+002
  4.35632355e+002 4.86167145e+002 3.70521332e+002 4.86583191e+002
  9.43626038e+002 4.33454407e+002 8.81227539e+002 4.34420166e+002
  8.18062439e+002 4.32916565e+002 7.54919067e+002 4.33248260e+002
  6.93211914e+002 4.33179504e+002 6.30019958e+002 4.32302216e+002
  5.66787109e+002 4.30976257e+002 5.02645233e+002 4.30045135e+002
  4.38995087e+002 4.30348816e+002 3.75637543e+002 4.29116699e+002
  9.37765259e+002 3.79251007e+002 8.76351440e+002 3.79482086e+002
  8.14012878e+002 3.79314026e+002 7.54399841e+002 3.78668854e+002
  6.91674683e+002 3.78204529e+002 6.30130737e+002 3.77819397e+002
  5.67159119e+002 3.76921356e+002 5.04628021e+002 3.75339142e+002
  4.41996826e+002 3.75556305e+002 3.80070221e+002 3.74196899e+002
  9.31922546e+002 3.26864319e+002 8.71216125e+002 3.26308807e+002
  8.11142639e+002 3.25506653e+002 7.51441040e+002 3.25689484e+002
  6.90657288e+002 3.23684143e+002 6.28215088e+002 3.25251495e+002
  5.67061340e+002 3.23317413e+002 5.06084259e+002 3.23298096e+002
  4.44476685e+002 3.22146362e+002 3.83469788e+002 3.21209869e+002</projector>
</opencv_storage>
