<?xml version="1.0"?>
<opencv_storage>
<world>
  0. 0. 0. 48. 0. 0. 96. 0. 0. 144. 0. 0. 192. 0. 0. 240. 0. 0. 288. 0.
  0. 336. 0. 0. 384. 0. 0. 432. 0. 0. 0. 48. 0. 48. 48. 0. 96. 48. 0.
  144. 48. 0. 192. 48. 0. 240. 48. 0. 288. 48. 0. 336. 48. 0. 384. 48.
  0. 432. 48. 0. 0. 96. 0. 48. 96. 0. 96. 96. 0. 144. 96. 0. 192. 96. 0.
  240. 96. 0. 288. 96. 0. 336. 96. 0. 384. 96. 0. 432. 96. 0. 0. 144. 0.
  48. 144. 0. 96. 144. 0. 144. 144. 0. 192. 144. 0. 240. 144. 0. 288.
  144. 0. 336. 144. 0. 384. 144. 0. 432. 144. 0. 0. 192. 0. 48. 192. 0.
  96. 192. 0. 144. 192. 0. 192. 192. 0. 240. 192. 0. 288. 192. 0. 336.
  192. 0. 384. 192. 0. 432. 192. 0. 0. 240. 0. 48. 240. 0. 96. 240. 0.
  144. 240. 0. 192. 240. 0. 240. 240. 0. 288. 240. 0. 336. 240. 0. 384.
  240. 0. 432. 240. 0. 0. 288. 0. 48. 288. 0. 96. 288. 0. 144. 288. 0.
  192. 288. 0. 240. 288. 0. 288. 288. 0. 336. 288. 0. 384. 288. 0. 432.
  288. 0.</world>
<camera>
  8.81312622e+002 7.32564941e+002 8.27937439e+002 7.23577148e+002
  7.78334167e+002 7.15270569e+002 7.33372253e+002 7.07616211e+002
  6.91978455e+002 7.00594055e+002 6.53124817e+002 6.93872742e+002
  6.16161560e+002 6.87910767e+002 5.82372070e+002 6.82251404e+002
  5.51400146e+002 6.76571350e+002 5.22073914e+002 6.71407532e+002
  8.84035339e+002 6.65235046e+002 8.30640137e+002 6.59277405e+002
  7.81782532e+002 6.53308167e+002 7.36609863e+002 6.47991272e+002
  6.95243225e+002 6.43157837e+002 6.55841980e+002 6.39097656e+002
  6.19571106e+002 6.34846741e+002 5.85819519e+002 6.30974609e+002
  5.54725952e+002 6.27050049e+002 5.25561218e+002 6.23704407e+002
  8.87097229e+002 5.98873352e+002 8.34056274e+002 5.95270630e+002
  7.84837341e+002 5.92184021e+002 7.40247925e+002 5.89136963e+002
  6.98309448e+002 5.86876770e+002 6.59119934e+002 5.84518433e+002
  6.22026611e+002 5.82224243e+002 5.89513916e+002 5.80123474e+002
  5.58289307e+002 5.78014893e+002 5.28635681e+002 5.75938293e+002
  8.88996338e+002 5.32803345e+002 8.35986084e+002 5.32502380e+002
  7.87980957e+002 5.32338501e+002 7.43417297e+002 5.31876587e+002
  7.00552551e+002 5.31090881e+002 6.60854980e+002 5.30775513e+002
  6.26373718e+002 5.30317627e+002 5.92339905e+002 5.29694763e+002
  5.60655762e+002 5.29166443e+002 5.31307922e+002 5.28789795e+002
  8.91431946e+002 4.67539978e+002 8.39288574e+002 4.70427612e+002
  7.91120056e+002 4.72661530e+002 7.46856689e+002 4.74405426e+002
  7.05364624e+002 4.76046021e+002 6.65736938e+002 4.77181000e+002
  6.29278625e+002 4.78639954e+002 5.96422302e+002 4.79690674e+002
  5.65317810e+002 4.81032104e+002 5.35522583e+002 4.82043488e+002
  8.94508728e+002 4.03842651e+002 8.42072693e+002 4.08850433e+002
  7.93789673e+002 4.13563873e+002 7.50055298e+002 4.17377228e+002
  7.08240051e+002 4.20945435e+002 6.70235718e+002 4.24584412e+002
  6.33238831e+002 4.27306244e+002 6.00290344e+002 4.30557220e+002
  5.69172241e+002 4.33249908e+002 5.39802795e+002 4.35658203e+002
  8.97047485e+002 3.40536255e+002 8.44876343e+002 3.48355164e+002
  7.96746460e+002 3.55339203e+002 7.52847534e+002 3.61009491e+002
  7.10832336e+002 3.66419342e+002 6.73746155e+002 3.72228912e+002
  6.37330688e+002 3.77107697e+002 6.04128601e+002 3.81605560e+002
  5.73009888e+002 3.85755585e+002 5.43790588e+002 3.90149414e+002</camera>
<projector>
  7.28600220e+002 6.66364197e+002 6.63476501e+002 6.66371582e+002
  5.96949951e+002 6.65897705e+002 5.33913696e+002 6.66406067e+002
  4.70996887e+002 6.66810364e+002 4.09452087e+002 6.66472717e+002
  3.48259979e+002 6.66278564e+002 2.87231049e+002 6.66326721e+002
  2.28880005e+002 6.66939209e+002 1.71607117e+002 6.65883301e+002
  7.29663147e+002 5.98878296e+002 6.64016235e+002 5.99664673e+002
  5.99150085e+002 5.99873352e+002 5.35825867e+002 6.00626221e+002
  4.72550415e+002 6.01304688e+002 4.10501465e+002 6.02240540e+002
  3.50802521e+002 6.03073853e+002 2.90311798e+002 6.03718140e+002
  2.32262711e+002 6.04322327e+002 1.75086365e+002 6.05545166e+002
  7.30391602e+002 5.33223572e+002 6.64659119e+002 5.33828857e+002
  5.99974487e+002 5.34940796e+002 5.36171997e+002 5.36174866e+002
  4.73245026e+002 5.37964539e+002 4.12344696e+002 5.39356445e+002
  3.51394928e+002 5.39367798e+002 2.94001495e+002 5.41348450e+002
  2.33022842e+002 5.42690613e+002 1.75808533e+002 5.42980408e+002
  7.30156128e+002 4.66907745e+002 6.64555176e+002 4.69192780e+002
  6.00495605e+002 4.70763367e+002 5.37000793e+002 4.73136597e+002
  4.75022949e+002 4.74131653e+002 4.12778351e+002 4.75854553e+002
  3.53263885e+002 4.77070618e+002 2.92407074e+002 4.79248291e+002
  2.34874863e+002 4.80505707e+002 1.75753494e+002 4.82251312e+002
  7.30260010e+002 4.01369965e+002 6.65054504e+002 4.03797516e+002
  6.01265625e+002 4.07526337e+002 5.39090759e+002 4.08749054e+002
  4.76165161e+002 4.11487640e+002 4.15708344e+002 4.13158386e+002
  3.54293427e+002 4.16019775e+002 2.95441711e+002 4.17723541e+002
  2.36945786e+002 4.19579071e+002 1.80812332e+002 4.21077179e+002
  7.31689209e+002 3.36653198e+002 6.65640320e+002 3.40001312e+002
  6.02203674e+002 3.43535217e+002 5.40111450e+002 3.45215088e+002
  4.77057892e+002 3.48434479e+002 4.17322357e+002 3.51922852e+002
  3.55972595e+002 3.52983429e+002 2.97299438e+002 3.56960236e+002
  2.39458954e+002 3.58397400e+002 1.82956146e+002 3.62103302e+002
  7.31355591e+002 2.72701752e+002 6.66585327e+002 2.76074493e+002
  6.03085693e+002 2.79437134e+002 5.41276001e+002 2.82678284e+002
  4.79244995e+002 2.84849304e+002 4.19438019e+002 2.89344299e+002
  3.57580444e+002 2.92577301e+002 3.00193054e+002 2.96318420e+002
  2.41592422e+002 2.99181427e+002 1.85779037e+002 3.01936890e+002</projector>
</opencv_storage>
