<?xml version="1.0"?>
<opencv_storage>
<world>
  0. 0. 0. 48. 0. 0. 96. 0. 0. 144. 0. 0. 192. 0. 0. 240. 0. 0. 288. 0.
  0. 336. 0. 0. 384. 0. 0. 432. 0. 0. 0. 48. 0. 48. 48. 0. 96. 48. 0.
  144. 48. 0. 192. 48. 0. 240. 48. 0. 288. 48. 0. 336. 48. 0. 384. 48.
  0. 432. 48. 0. 0. 96. 0. 48. 96. 0. 96. 96. 0. 144. 96. 0. 192. 96. 0.
  240. 96. 0. 288. 96. 0. 336. 96. 0. 384. 96. 0. 432. 96. 0. 0. 144. 0.
  48. 144. 0. 96. 144. 0. 144. 144. 0. 192. 144. 0. 240. 144. 0. 288.
  144. 0. 336. 144. 0. 384. 144. 0. 432. 144. 0. 0. 192. 0. 48. 192. 0.
  96. 192. 0. 144. 192. 0. 192. 192. 0. 240. 192. 0. 288. 192. 0. 336.
  192. 0. 384. 192. 0. 432. 192. 0. 0. 240. 0. 48. 240. 0. 96. 240. 0.
  144. 240. 0. 192. 240. 0. 240. 240. 0. 288. 240. 0. 336. 240. 0. 384.
  240. 0. 432. 240. 0. 0. 288. 0. 48. 288. 0. 96. 288. 0. 144. 288. 0.
  192. 288. 0. 240. 288. 0. 288. 288. 0. 336. 288. 0. 384. 288. 0. 432.
  288. 0.</world>
<camera>
  1.24987268e+003 8.04604248e+002 1.16603711e+003 8.09001770e+002
  1.07872888e+003 8.13648193e+002 9.87849548e+002 8.18628784e+002
  8.92362183e+002 8.23150574e+002 7.93172363e+002 8.28504333e+002
  6.89257141e+002 8.34557922e+002 5.80347107e+002 8.39392883e+002
  4.70242493e+002 8.43058533e+002 3.58778595e+002 8.45698730e+002
  1.24865479e+003 7.13550537e+002 1.16516248e+003 7.16123291e+002
  1.07790198e+003 7.18520508e+002 9.87807129e+002 7.21094421e+002
  8.93301392e+002 7.24010010e+002 7.94446289e+002 7.27456116e+002
  6.91485291e+002 7.30877686e+002 5.83336182e+002 7.34341980e+002
  4.72774292e+002 7.36665588e+002 3.61377960e+002 7.38224792e+002
  1.24708435e+003 6.23415649e+002 1.16385205e+003 6.24231262e+002
  1.07766870e+003 6.24799438e+002 9.87649719e+002 6.25413391e+002
  8.93964661e+002 6.26552612e+002 7.96145996e+002 6.27685425e+002
  6.93443298e+002 6.29129456e+002 5.86783569e+002 6.29907959e+002
  4.76691925e+002 6.30605225e+002 3.64572174e+002 6.30881409e+002
  1.24603552e+003 5.34564331e+002 1.16343896e+003 5.33840820e+002
  1.07650610e+003 5.33481873e+002 9.87819397e+002 5.32755493e+002
  8.95199158e+002 5.31295288e+002 7.97679993e+002 5.30240479e+002
  6.96242065e+002 5.29042786e+002 5.89772095e+002 5.27558228e+002
  4.79849945e+002 5.26280762e+002 3.67835266e+002 5.24787415e+002
  1.24365466e+003 4.46826721e+002 1.16044019e+003 4.45029358e+002
  1.07518066e+003 4.42699890e+002 9.87779846e+002 4.40328461e+002
  8.95538635e+002 4.37271240e+002 7.99309326e+002 4.33651672e+002
  6.98415894e+002 4.30173218e+002 5.93639709e+002 4.26784973e+002
  4.85355225e+002 4.23581512e+002 3.74815186e+002 4.20542725e+002
  1.23984204e+003 3.61105469e+002 1.15825525e+003 3.57389984e+002
  1.07384460e+003 3.53229919e+002 9.87668518e+002 3.48822540e+002
  8.96063171e+002 3.44214386e+002 8.00700745e+002 3.39097260e+002
  7.01021912e+002 3.33330170e+002 5.97418945e+002 3.28139465e+002
  4.90938477e+002 3.23146912e+002 3.82409729e+002 3.18814606e+002
  1.23710876e+003 2.76406219e+002 1.15640076e+003 2.71119446e+002
  1.07274304e+003 2.65142914e+002 9.87834839e+002 2.59012329e+002
  8.97178162e+002 2.51766647e+002 8.02206299e+002 2.46224884e+002
  7.03822571e+002 2.38577774e+002 6.01547180e+002 2.31389557e+002
  4.96877899e+002 2.25361893e+002 3.90624817e+002 2.20342239e+002</camera>
<projector>
  1.09309131e+003 6.62583984e+002 1.04045251e+003 6.60777283e+002
  9.85117737e+002 6.59251526e+002 9.26711182e+002 6.58105957e+002
  8.63008545e+002 6.56235718e+002 7.97078613e+002 6.54761536e+002
  7.27793518e+002 6.53139893e+002 6.52138489e+002 6.50114929e+002
  5.73062195e+002 6.48257141e+002 4.88947144e+002 6.46249329e+002
  1.09163159e+003 5.91366577e+002 1.03845837e+003 5.87312256e+002
  9.82890808e+002 5.84493652e+002 9.24510925e+002 5.80138184e+002
  8.61461487e+002 5.76774353e+002 7.95851440e+002 5.72138428e+002
  7.26024719e+002 5.68338501e+002 6.51266235e+002 5.63593018e+002
  5.72234131e+002 5.59133667e+002 4.87618958e+002 5.53315430e+002
  1.08881885e+003 5.19612122e+002 1.03629919e+003 5.14481812e+002
  9.81242859e+002 5.09330597e+002 9.22281738e+002 5.03262390e+002
  8.59907166e+002 4.98047943e+002 7.94448853e+002 4.91445953e+002
  7.25267944e+002 4.84191650e+002 6.50179565e+002 4.77496674e+002
  5.71069214e+002 4.70088867e+002 4.87305359e+002 4.61422424e+002
  1.08758838e+003 4.49363770e+002 1.03463928e+003 4.42379028e+002
  9.78888611e+002 4.35479187e+002 9.20392273e+002 4.28281952e+002
  8.59072021e+002 4.19390228e+002 7.94466248e+002 4.10097076e+002
  7.23142273e+002 4.01541260e+002 6.49338135e+002 3.91857178e+002
  5.70651855e+002 3.80557892e+002 4.86261017e+002 3.69648499e+002
  1.08517529e+003 3.78661469e+002 1.03103101e+003 3.70916901e+002
  9.75502747e+002 3.61776794e+002 9.17891907e+002 3.51882629e+002
  8.56149658e+002 3.41759460e+002 7.90621521e+002 3.30576202e+002
  7.21734985e+002 3.18413483e+002 6.47708069e+002 3.06732758e+002
  5.68551514e+002 2.93589447e+002 4.85597534e+002 2.79357208e+002
  1.08076489e+003 3.08833313e+002 1.02774731e+003 2.98518005e+002
  9.73034241e+002 2.87781006e+002 9.15835815e+002 2.76619110e+002
  8.53868225e+002 2.64094421e+002 7.88456238e+002 2.50869507e+002
  7.19247864e+002 2.36280045e+002 6.45511169e+002 2.21967484e+002
  5.67154236e+002 2.06032990e+002 4.83632111e+002 1.89521744e+002
  1.07775476e+003 2.39349945e+002 1.02481384e+003 2.27846893e+002
  9.70429993e+002 2.14853165e+002 9.13879578e+002 2.01535629e+002
  8.52821228e+002 1.86822693e+002 7.85791870e+002 1.72141602e+002
  7.17661743e+002 1.55962814e+002 6.44282654e+002 1.37528946e+002
  5.65773010e+002 1.19700935e+002 4.83063202e+002 1.00613892e+002</projector>
</opencv_storage>
