<?xml version="1.0"?>
<opencv_storage>
<world>
  0. 0. 0. 48. 0. 0. 96. 0. 0. 144. 0. 0. 192. 0. 0. 240. 0. 0. 288. 0.
  0. 336. 0. 0. 384. 0. 0. 432. 0. 0. 0. 48. 0. 48. 48. 0. 96. 48. 0.
  144. 48. 0. 192. 48. 0. 240. 48. 0. 288. 48. 0. 336. 48. 0. 384. 48.
  0. 432. 48. 0. 0. 96. 0. 48. 96. 0. 96. 96. 0. 144. 96. 0. 192. 96. 0.
  240. 96. 0. 288. 96. 0. 336. 96. 0. 384. 96. 0. 432. 96. 0. 0. 144. 0.
  48. 144. 0. 96. 144. 0. 144. 144. 0. 192. 144. 0. 240. 144. 0. 288.
  144. 0. 336. 144. 0. 384. 144. 0. 432. 144. 0. 0. 192. 0. 48. 192. 0.
  96. 192. 0. 144. 192. 0. 192. 192. 0. 240. 192. 0. 288. 192. 0. 336.
  192. 0. 384. 192. 0. 432. 192. 0. 0. 240. 0. 48. 240. 0. 96. 240. 0.
  144. 240. 0. 192. 240. 0. 240. 240. 0. 288. 240. 0. 336. 240. 0. 384.
  240. 0. 432. 240. 0. 0. 288. 0. 48. 288. 0. 96. 288. 0. 144. 288. 0.
  192. 288. 0. 240. 288. 0. 288. 288. 0. 336. 288. 0. 384. 288. 0. 432.
  288. 0.</world>
<camera>
  1.18370862e+003 5.94792236e+002 1.11922607e+003 5.94309570e+002
  1.05431201e+003 5.93378723e+002 9.89733582e+002 5.92902954e+002
  9.24293762e+002 5.92564758e+002 8.58789856e+002 5.92082275e+002
  7.92700073e+002 5.91527466e+002 7.25887695e+002 5.90977966e+002
  6.59205750e+002 5.90567139e+002 5.92239929e+002 5.89701538e+002
  1.18276306e+003 5.29794373e+002 1.11870874e+003 5.29019836e+002
  1.05413977e+003 5.28330933e+002 9.89844727e+002 5.27409668e+002
  9.24862549e+002 5.26973938e+002 8.59811768e+002 5.26397766e+002
  7.94286743e+002 5.25548767e+002 7.27790466e+002 5.24994080e+002
  6.61706421e+002 5.24397034e+002 5.95390015e+002 5.23430847e+002
  1.18191858e+003 4.65400696e+002 1.11810425e+003 4.64673370e+002
  1.05403748e+003 4.63680908e+002 9.89842957e+002 4.63123169e+002
  9.25593811e+002 4.62269409e+002 8.60788635e+002 4.61403931e+002
  7.95395142e+002 4.60652222e+002 7.30022583e+002 4.59973694e+002
  6.64258789e+002 4.59022858e+002 5.98173767e+002 4.58081024e+002
  1.18113757e+003 4.01462402e+002 1.11777673e+003 4.00885254e+002
  1.05373779e+003 4.00814117e+002 9.90213623e+002 4.00025665e+002
  9.26288452e+002 3.98733093e+002 8.61700623e+002 3.97412537e+002
  7.97199646e+002 3.96865143e+002 7.32041382e+002 3.95665314e+002
  6.66343933e+002 3.94485229e+002 6.00565796e+002 3.93305176e+002
  1.17972156e+003 3.38801636e+002 1.11627515e+003 3.38605011e+002
  1.05316541e+003 3.38013580e+002 9.90524963e+002 3.37302582e+002
  9.26932129e+002 3.36327881e+002 8.62916992e+002 3.34792755e+002
  7.98537781e+002 3.33255463e+002 7.33948120e+002 3.32500305e+002
  6.69360474e+002 3.31290619e+002 6.04192993e+002 3.29939850e+002
  1.17770447e+003 2.77760498e+002 1.11534058e+003 2.76748871e+002
  1.05244312e+003 2.76213379e+002 9.90754150e+002 2.75122467e+002
  9.27530334e+002 2.73822693e+002 8.64065308e+002 2.72811707e+002
  7.99973450e+002 2.71292145e+002 7.36243958e+002 2.69998810e+002
  6.71874268e+002 2.69044312e+002 6.07713684e+002 2.67844879e+002
  1.17614465e+003 2.17106079e+002 1.11395081e+003 2.16386856e+002
  1.05183228e+003 2.15090637e+002 9.91009216e+002 2.13708969e+002
  9.28231506e+002 2.12093094e+002 8.65099854e+002 2.11752594e+002
  8.01888062e+002 2.10025024e+002 7.38266296e+002 2.08681763e+002
  6.74908081e+002 2.07702408e+002 6.11328613e+002 2.06817047e+002</camera>
<projector>
  9.87170166e+002 5.40528503e+002 9.33759277e+002 5.37369751e+002
  8.78944336e+002 5.33875549e+002 8.23732422e+002 5.31530579e+002
  7.63933044e+002 5.28685791e+002 7.03470093e+002 5.25198853e+002
  6.41240234e+002 5.21870361e+002 5.75376648e+002 5.17812439e+002
  5.07022766e+002 5.14454163e+002 4.36892273e+002 5.10324951e+002
  9.85307800e+002 4.79918823e+002 9.32452087e+002 4.75504395e+002
  8.77196289e+002 4.71124298e+002 8.21409912e+002 4.66640930e+002
  7.62650879e+002 4.63013245e+002 7.02647339e+002 4.58109650e+002
  6.39500732e+002 4.54232635e+002 5.74353882e+002 4.49115723e+002
  5.06937653e+002 4.43943054e+002 4.36443115e+002 4.38447662e+002
  9.83021240e+002 4.18501282e+002 9.30201782e+002 4.14220795e+002
  8.75679504e+002 4.08944366e+002 8.19310852e+002 4.03534424e+002
  7.61420288e+002 3.98110962e+002 7.01137817e+002 3.92131531e+002
  6.38311401e+002 3.86965729e+002 5.73251404e+002 3.81135010e+002
  5.05523376e+002 3.74708557e+002 4.35966034e+002 3.67967499e+002
  9.81090881e+002 3.57359253e+002 9.29050598e+002 3.52603699e+002
  8.74191284e+002 3.47445221e+002 8.17648804e+002 3.40914917e+002
  7.60015869e+002 3.34578033e+002 7.00526428e+002 3.26642181e+002
  6.37280029e+002 3.20621918e+002 5.72720337e+002 3.13439667e+002
  5.05057495e+002 3.05002441e+002 4.35772430e+002 2.97263275e+002
  9.79166748e+002 2.98296021e+002 9.25950317e+002 2.92632965e+002
  8.71400146e+002 2.85342072e+002 8.16600586e+002 2.78213257e+002
  7.58154419e+002 2.70589691e+002 6.98610962e+002 2.62957611e+002
  6.37087341e+002 2.53623322e+002 5.71653198e+002 2.46703796e+002
  5.04750092e+002 2.36859451e+002 4.34884857e+002 2.27747330e+002
  9.76033081e+002 2.39219223e+002 9.23165222e+002 2.31747131e+002
  8.69107483e+002 2.24061722e+002 8.14513428e+002 2.15794174e+002
  7.57305176e+002 2.07586823e+002 6.96521179e+002 1.98634781e+002
  6.34622925e+002 1.88640976e+002 5.70426208e+002 1.79463577e+002
  5.03805695e+002 1.69702835e+002 4.35197601e+002 1.59391815e+002
  9.73289001e+002 1.79799362e+002 9.20752014e+002 1.71489899e+002
  8.67021790e+002 1.62909729e+002 8.12942383e+002 1.54198669e+002
  7.55501648e+002 1.43741516e+002 6.95047791e+002 1.35170197e+002
  6.33806763e+002 1.24199829e+002 5.69499023e+002 1.13788406e+002
  5.03262268e+002 1.02832695e+002 4.33904266e+002 9.12763977e+001</projector>
</opencv_storage>
