<?xml version="1.0"?>
<opencv_storage>
<world>
  0. 0. 0. 48. 0. 0. 96. 0. 0. 144. 0. 0. 192. 0. 0. 240. 0. 0. 288. 0.
  0. 336. 0. 0. 384. 0. 0. 432. 0. 0. 0. 48. 0. 48. 48. 0. 96. 48. 0.
  144. 48. 0. 192. 48. 0. 240. 48. 0. 288. 48. 0. 336. 48. 0. 384. 48.
  0. 432. 48. 0. 0. 96. 0. 48. 96. 0. 96. 96. 0. 144. 96. 0. 192. 96. 0.
  240. 96. 0. 288. 96. 0. 336. 96. 0. 384. 96. 0. 432. 96. 0. 0. 144. 0.
  48. 144. 0. 96. 144. 0. 144. 144. 0. 192. 144. 0. 240. 144. 0. 288.
  144. 0. 336. 144. 0. 384. 144. 0. 432. 144. 0. 0. 192. 0. 48. 192. 0.
  96. 192. 0. 144. 192. 0. 192. 192. 0. 240. 192. 0. 288. 192. 0. 336.
  192. 0. 384. 192. 0. 432. 192. 0. 0. 240. 0. 48. 240. 0. 96. 240. 0.
  144. 240. 0. 192. 240. 0. 240. 240. 0. 288. 240. 0. 336. 240. 0. 384.
  240. 0. 432. 240. 0. 0. 288. 0. 48. 288. 0. 96. 288. 0. 144. 288. 0.
  192. 288. 0. 240. 288. 0. 288. 288. 0. 336. 288. 0. 384. 288. 0. 432.
  288. 0.</world>
<camera>
  7.88319702e+002 4.53841675e+002 8.34970886e+002 4.50274475e+002
  8.84612854e+002 4.46082489e+002 9.37559753e+002 4.41818542e+002
  9.95033386e+002 4.37415253e+002 1.05598425e+003 4.32553223e+002
  1.12159265e+003 4.26882446e+002 1.19310815e+003 4.21271667e+002
  1.27007532e+003 4.15180603e+002 1.35251050e+003 4.09030029e+002
  7.80447632e+002 5.06590027e+002 8.27548828e+002 5.04400848e+002
  8.78366455e+002 5.02012054e+002 9.32301453e+002 4.99478271e+002
  9.90748291e+002 4.97214264e+002 1.05271631e+003 4.93947388e+002
  1.11990173e+003 4.90802094e+002 1.19337756e+003 4.87441895e+002
  1.27237463e+003 4.84589600e+002 1.35747937e+003 4.80784241e+002
  7.71914246e+002 5.61329590e+002 8.20160706e+002 5.60923584e+002
  8.71575928e+002 5.60596558e+002 9.26989685e+002 5.60407593e+002
  9.86210815e+002 5.59614746e+002 1.04951917e+003 5.58900879e+002
  1.11830945e+003 5.58028198e+002 1.19372778e+003 5.57826050e+002
  1.27490308e+003 5.57503784e+002 1.36264368e+003 5.56947449e+002
  7.62822571e+002 6.18833008e+002 8.11832642e+002 6.19878967e+002
  8.64916077e+002 6.21040039e+002 9.20827942e+002 6.22674072e+002
  9.80875977e+002 6.24531128e+002 1.04562683e+003 6.26256226e+002
  1.11685840e+003 6.29271790e+002 1.19385889e+003 6.31578125e+002
  1.27758252e+003 6.34551819e+002 1.36822961e+003 6.37234558e+002
  7.53592896e+002 6.78453735e+002 8.04098267e+002 6.81636658e+002
  8.57937683e+002 6.85270508e+002 9.15002930e+002 6.89083618e+002
  9.76357239e+002 6.93598389e+002 1.04264136e+003 6.98618408e+002
  1.11521582e+003 7.03961792e+002 1.19435669e+003 7.10241150e+002
  1.28018677e+003 7.16465027e+002 1.37335193e+003 7.22956970e+002
  7.44860413e+002 7.40947021e+002 7.95943054e+002 7.46467285e+002
  8.50677551e+002 7.52576477e+002 9.08488953e+002 7.59124756e+002
  9.71476746e+002 7.66467590e+002 1.03967029e+003 7.74556458e+002
  1.11374121e+003 7.83550476e+002 1.19464185e+003 7.93085510e+002
  1.28272302e+003 8.03173096e+002 1.37815796e+003 8.13730347e+002
  7.35102661e+002 8.06533569e+002 7.87963684e+002 8.14449707e+002
  8.43443054e+002 8.23059448e+002 9.01541687e+002 8.32404785e+002
  9.65642029e+002 8.43267700e+002 1.03599255e+003 8.54426086e+002
  1.11182446e+003 8.67030151e+002 1.19467249e+003 8.80367920e+002
  1.28502820e+003 8.94358093e+002 1.38194971e+003 9.08387085e+002</camera>
<projector>
  6.03269226e+002 3.18112885e+002 6.65249023e+002 3.17030548e+002
  7.27413696e+002 3.16293854e+002 7.89376160e+002 3.15762268e+002
  8.51673462e+002 3.14743774e+002 9.14392090e+002 3.14808746e+002
  9.78231873e+002 3.13479584e+002 1.04161450e+003 3.12762390e+002
  1.10560217e+003 3.12110962e+002 1.16969055e+003 3.12212891e+002
  6.02275024e+002 3.77019470e+002 6.64927979e+002 3.75277740e+002
  7.26384338e+002 3.75030792e+002 7.89075867e+002 3.73810791e+002
  8.52745605e+002 3.74028229e+002 9.16250610e+002 3.73149658e+002
  9.79668823e+002 3.72493958e+002 1.04369312e+003 3.71556213e+002
  1.10792090e+003 3.72420074e+002 1.17240540e+003 3.71722900e+002
  6.00987793e+002 4.35411591e+002 6.63505249e+002 4.35482147e+002
  7.27053162e+002 4.35191040e+002 7.89781189e+002 4.34261688e+002
  8.53251526e+002 4.34399475e+002 9.18087769e+002 4.33315948e+002
  9.81549561e+002 4.32457062e+002 1.04655701e+003 4.32502380e+002
  1.11126172e+003 4.32889496e+002 1.17649219e+003 4.32288971e+002
  6.00059692e+002 4.96524933e+002 6.63115234e+002 4.95427795e+002
  7.26610535e+002 4.94561707e+002 7.90260437e+002 4.94794220e+002
  8.54366455e+002 4.94490997e+002 9.19025696e+002 4.93063660e+002
  9.83655823e+002 4.93637543e+002 1.04908630e+003 4.93895905e+002
  1.11473462e+003 4.93821075e+002 1.18001538e+003 4.93254944e+002
  5.99706848e+002 5.56481995e+002 6.62842224e+002 5.57039124e+002
  7.26916626e+002 5.56359680e+002 7.90604492e+002 5.56062500e+002
  8.54708130e+002 5.56551575e+002 9.20324707e+002 5.56147949e+002
  9.85571777e+002 5.55797546e+002 1.05096069e+003 5.56095703e+002
  1.11717004e+003 5.55882996e+002 1.18341003e+003 5.56192932e+002
  5.98854614e+002 6.19351074e+002 6.62483032e+002 6.19059021e+002
  7.27521667e+002 6.19485901e+002 7.90251160e+002 6.19299927e+002
  8.55422913e+002 6.18953247e+002 9.21747559e+002 6.19762512e+002
  9.87956970e+002 6.19650208e+002 1.05379529e+003 6.19872253e+002
  1.12016882e+003 6.20125610e+002 1.18681104e+003 6.20716431e+002
  5.97243896e+002 6.83426575e+002 6.62533630e+002 6.82473938e+002
  7.26965393e+002 6.82880249e+002 7.91359009e+002 6.82565125e+002
  8.57125732e+002 6.83062561e+002 9.22638245e+002 6.83321411e+002
  9.89247925e+002 6.84075073e+002 1.05596863e+003 6.84138733e+002
  1.12274634e+003 6.84880981e+002 1.18975427e+003 6.85096436e+002</projector>
</opencv_storage>
