<?xml version="1.0"?>
<opencv_storage>
<world>
  0. 0. 0. 48. 0. 0. 96. 0. 0. 144. 0. 0. 192. 0. 0. 240. 0. 0. 288. 0.
  0. 336. 0. 0. 384. 0. 0. 432. 0. 0. 0. 48. 0. 48. 48. 0. 96. 48. 0.
  144. 48. 0. 192. 48. 0. 240. 48. 0. 288. 48. 0. 336. 48. 0. 384. 48.
  0. 432. 48. 0. 0. 96. 0. 48. 96. 0. 96. 96. 0. 144. 96. 0. 192. 96. 0.
  240. 96. 0. 288. 96. 0. 336. 96. 0. 384. 96. 0. 432. 96. 0. 0. 144. 0.
  48. 144. 0. 96. 144. 0. 144. 144. 0. 192. 144. 0. 240. 144. 0. 288.
  144. 0. 336. 144. 0. 384. 144. 0. 432. 144. 0. 0. 192. 0. 48. 192. 0.
  96. 192. 0. 144. 192. 0. 192. 192. 0. 240. 192. 0. 288. 192. 0. 336.
  192. 0. 384. 192. 0. 432. 192. 0. 0. 240. 0. 48. 240. 0. 96. 240. 0.
  144. 240. 0. 192. 240. 0. 240. 240. 0. 288. 240. 0. 336. 240. 0. 384.
  240. 0. 432. 240. 0. 0. 288. 0. 48. 288. 0. 96. 288. 0. 144. 288. 0.
  192. 288. 0. 240. 288. 0. 288. 288. 0. 336. 288. 0. 384. 288. 0. 432.
  288. 0.</world>
<camera>
  4.86140411e+002 4.79252991e+002 5.14484985e+002 4.76933258e+002
  5.44502930e+002 4.74549408e+002 5.76366028e+002 4.71613373e+002
  6.11066284e+002 4.69251221e+002 6.47096680e+002 4.66467255e+002
  6.84546448e+002 4.63253754e+002 7.25460938e+002 4.60201813e+002
  7.68276123e+002 4.57091583e+002 8.13306458e+002 4.53453033e+002
  4.76076324e+002 5.21282898e+002 5.04415680e+002 5.19951355e+002
  5.34825317e+002 5.18775391e+002 5.66949280e+002 5.17189514e+002
  6.01750122e+002 5.15786194e+002 6.37578613e+002 5.14093079e+002
  6.75531372e+002 5.12168091e+002 7.17217590e+002 5.10647064e+002
  7.60551880e+002 5.08842896e+002 8.06430298e+002 5.07014252e+002
  4.65532593e+002 5.64580383e+002 4.94404816e+002 5.64511902e+002
  5.24546509e+002 5.64326233e+002 5.57437073e+002 5.64226746e+002
  5.92038391e+002 5.63822937e+002 6.27729492e+002 5.63114075e+002
  6.66289490e+002 5.63032776e+002 7.08535278e+002 5.62875244e+002
  7.52698975e+002 5.62869263e+002 7.98890503e+002 5.62546387e+002
  4.54699829e+002 6.09175720e+002 4.83545502e+002 6.09985046e+002
  5.14603394e+002 6.10854980e+002 5.47271240e+002 6.11918518e+002
  5.80717712e+002 6.13044067e+002 6.17260986e+002 6.14044617e+002
  6.57617126e+002 6.15419189e+002 6.99265259e+002 6.17046997e+002
  7.43353577e+002 6.18591797e+002 7.90646729e+002 6.20061523e+002
  4.43625519e+002 6.54803528e+002 4.72935486e+002 6.56998779e+002
  5.04775330e+002 6.59354797e+002 5.37063049e+002 6.61569397e+002
  5.71733276e+002 6.64353333e+002 6.08054138e+002 6.67102295e+002
  6.47527588e+002 6.70220825e+002 6.90467407e+002 6.73217285e+002
  7.35018860e+002 6.76771301e+002 7.83090271e+002 6.80426575e+002
  4.33430145e+002 7.02223999e+002 4.63203430e+002 7.05609192e+002
  4.93993927e+002 7.09288391e+002 5.27094666e+002 7.13428101e+002
  5.61773499e+002 7.17436646e+002 5.98798096e+002 7.22152527e+002
  6.37621216e+002 7.26867126e+002 6.81041016e+002 7.31938232e+002
  7.27125061e+002 7.37285278e+002 7.75161804e+002 7.43170349e+002
  4.23383118e+002 7.50253540e+002 4.53465790e+002 7.55392517e+002
  4.84492554e+002 7.60615601e+002 5.16285217e+002 7.66285339e+002
  5.50638855e+002 7.72204407e+002 5.88981079e+002 7.78701294e+002
  6.28552307e+002 7.85729187e+002 6.71526978e+002 7.92841675e+002
  7.17883972e+002 8.00261169e+002 7.67332336e+002 8.08565552e+002</camera>
<projector>
  9.68161469e+001 3.25529480e+002 1.53954849e+002 3.25067139e+002
  2.14342163e+002 3.24980560e+002 2.71102936e+002 3.23626221e+002
  3.31622498e+002 3.22590118e+002 3.91147095e+002 3.21574554e+002
  4.51920441e+002 3.20688660e+002 5.11772034e+002 3.20265778e+002
  5.73259033e+002 3.19942413e+002 6.33973083e+002 3.18838379e+002
  9.25421829e+001 3.83041443e+002 1.49603882e+002 3.82710449e+002
  2.09922302e+002 3.82422607e+002 2.68686035e+002 3.81144897e+002
  3.29027985e+002 3.81028534e+002 3.89098083e+002 3.80053741e+002
  4.49130341e+002 3.78886230e+002 5.10465698e+002 3.79546600e+002
  5.72633911e+002 3.78894623e+002 6.32947754e+002 3.78228821e+002
  8.86173553e+001 4.41893280e+002 1.46001099e+002 4.41809937e+002
  2.05918930e+002 4.40264252e+002 2.64746948e+002 4.40048492e+002
  3.25567749e+002 4.39979706e+002 3.86622101e+002 4.38446991e+002
  4.46249420e+002 4.38318817e+002 5.09278992e+002 4.38411621e+002
  5.70688354e+002 4.38568542e+002 6.32614868e+002 4.38348450e+002
  8.25751572e+001 5.00133514e+002 1.42890198e+002 4.99441071e+002
  2.02630768e+002 4.99419067e+002 2.61580597e+002 4.99038208e+002
  3.21639496e+002 4.98525238e+002 3.81975525e+002 4.97959167e+002
  4.45486969e+002 4.97390503e+002 5.05912170e+002 4.98192627e+002
  5.67929199e+002 4.98333313e+002 6.31283081e+002 4.97762817e+002
  7.86185150e+001 5.60040588e+002 1.37829163e+002 5.59760559e+002
  1.99057556e+002 5.58987549e+002 2.58429993e+002 5.59442078e+002
  3.19543549e+002 5.58485352e+002 3.80187958e+002 5.58430786e+002
  4.42670105e+002 5.58669128e+002 5.04354553e+002 5.58816040e+002
  5.66958618e+002 5.59441528e+002 6.30037354e+002 5.58798889e+002
  7.30282898e+001 6.20642517e+002 1.34099655e+002 6.21040833e+002
  1.95435883e+002 6.20191406e+002 2.55156891e+002 6.20198547e+002
  3.16660675e+002 6.19704956e+002 3.78342468e+002 6.20568665e+002
  4.40328705e+002 6.20721558e+002 5.02554352e+002 6.21053833e+002
  5.65896912e+002 6.20986633e+002 6.29097961e+002 6.21483826e+002
  6.96366348e+001 6.81415894e+002 1.30187241e+002 6.81533752e+002
  1.91559097e+002 6.82521729e+002 2.50954803e+002 6.81918945e+002
  3.13712341e+002 6.81856995e+002 3.75366058e+002 6.83147522e+002
  4.38486084e+002 6.83637268e+002 5.01364471e+002 6.84010193e+002
  5.64461853e+002 6.84026428e+002 6.27591614e+002 6.85227295e+002</projector>
</opencv_storage>
