<?xml version="1.0"?>
<opencv_storage>
<world>
  0. 0. 0. 24. 0. 0. 48. 0. 0. 72. 0. 0. 96. 0. 0. 120. 0. 0. 144. 0. 0.
  168. 0. 0. 192. 0. 0. 216. 0. 0. 0. 24. 0. 24. 24. 0. 48. 24. 0. 72.
  24. 0. 96. 24. 0. 120. 24. 0. 144. 24. 0. 168. 24. 0. 192. 24. 0. 216.
  24. 0. 0. 48. 0. 24. 48. 0. 48. 48. 0. 72. 48. 0. 96. 48. 0. 120. 48.
  0. 144. 48. 0. 168. 48. 0. 192. 48. 0. 216. 48. 0. 0. 72. 0. 24. 72.
  0. 48. 72. 0. 72. 72. 0. 96. 72. 0. 120. 72. 0. 144. 72. 0. 168. 72.
  0. 192. 72. 0. 216. 72. 0. 0. 96. 0. 24. 96. 0. 48. 96. 0. 72. 96. 0.
  96. 96. 0. 120. 96. 0. 144. 96. 0. 168. 96. 0. 192. 96. 0. 216. 96. 0.
  0. 120. 0. 24. 120. 0. 48. 120. 0. 72. 120. 0. 96. 120. 0. 120. 120.
  0. 144. 120. 0. 168. 120. 0. 192. 120. 0. 216. 120. 0. 0. 144. 0. 24.
  144. 0. 48. 144. 0. 72. 144. 0. 96. 144. 0. 120. 144. 0. 144. 144. 0.
  168. 144. 0. 192. 144. 0. 216. 144. 0.</world>
<camera>
  8.53749695e+002 5.25271912e+002 8.87491272e+002 5.32570740e+002
  9.19139099e+002 5.39647217e+002 9.49189941e+002 5.46467957e+002
  9.78438599e+002 5.52892944e+002 1.00636340e+003 5.58991577e+002
  1.03249524e+003 5.64877136e+002 1.05755127e+003 5.70444946e+002
  1.08156738e+003 5.75745911e+002 1.10448438e+003 5.80819763e+002
  8.53455750e+002 5.73530029e+002 8.88272461e+002 5.79646606e+002
  9.20050964e+002 5.85549988e+002 9.50556091e+002 5.91303223e+002
  9.80091431e+002 5.96628113e+002 1.00783966e+003 6.01780884e+002
  1.03421545e+003 6.06672180e+002 1.05899438e+003 6.11444397e+002
  1.08298120e+003 6.15762878e+002 1.10555872e+003 6.20123779e+002
  8.53907959e+002 6.22470581e+002 8.89772034e+002 6.27209839e+002
  9.22681458e+002 6.31787720e+002 9.53876038e+002 6.36352234e+002
  9.83342712e+002 6.40621582e+002 1.01161176e+003 6.44700378e+002
  1.03833459e+003 6.48649597e+002 1.06305518e+003 6.52305969e+002
  1.08672510e+003 6.55894653e+002 1.10869641e+003 6.59442200e+002
  8.53536316e+002 6.71758606e+002 8.89418518e+002 6.75431580e+002
  9.22551880e+002 6.78838440e+002 9.54623779e+002 6.82252686e+002
  9.84664490e+002 6.85389465e+002 1.01267285e+003 6.88460083e+002
  1.03868481e+003 6.91357056e+002 1.06286548e+003 6.94100464e+002
  1.08747192e+003 6.96687256e+002 1.10974146e+003 6.99198975e+002
  8.52663452e+002 7.21557800e+002 8.88272156e+002 7.24149048e+002
  9.22288452e+002 7.26464722e+002 9.54168457e+002 7.28606812e+002
  9.84583313e+002 7.30623718e+002 1.01201685e+003 7.32627136e+002
  1.03707654e+003 7.34469238e+002 1.06166528e+003 7.36182739e+002
  1.08513245e+003 7.37707764e+002 1.10828345e+003 7.39165833e+002
  8.52956299e+002 7.71492798e+002 8.89017029e+002 7.72621399e+002
  9.22256775e+002 7.73821594e+002 9.52878845e+002 7.74848755e+002
  9.82546265e+002 7.75932495e+002 1.01079218e+003 7.76750610e+002
  1.03637622e+003 7.77501709e+002 1.06139270e+003 7.78296265e+002
  1.08673059e+003 7.78643982e+002 1.10991235e+003 7.79172424e+002
  8.51887878e+002 8.21363281e+002 8.86959106e+002 8.21484436e+002
  9.20215210e+002 8.21342834e+002 9.51285217e+002 8.21365234e+002
  9.81101685e+002 8.21195740e+002 1.00912372e+003 8.20873596e+002
  1.03589807e+003 8.20648560e+002 1.06144189e+003 8.20341125e+002
  1.08621228e+003 8.19792236e+002 1.10937439e+003 8.19336304e+002</camera>
<projector>
  5.37850952e+002 8.93822403e+001 5.73420349e+002 9.57884674e+001
  6.09408569e+002 1.01505981e+002 6.44310303e+002 1.06682510e+002
  6.78638367e+002 1.12717262e+002 7.12905151e+002 1.18170471e+002
  7.45944092e+002 1.23761581e+002 7.80060486e+002 1.28597214e+002
  8.12390503e+002 1.34496094e+002 8.43098145e+002 1.39618332e+002
  5.35630798e+002 1.29039093e+002 5.72769653e+002 1.34211777e+002
  6.08472290e+002 1.39818665e+002 6.44123779e+002 1.44508377e+002
  6.78311768e+002 1.50380005e+002 7.12512329e+002 1.55416473e+002
  7.45634094e+002 1.60771835e+002 7.78434814e+002 1.65179184e+002
  8.10854553e+002 1.70773972e+002 8.43189270e+002 1.75436722e+002
  5.35336060e+002 1.67260040e+002 5.72765991e+002 1.72217209e+002
  6.08991028e+002 1.77448563e+002 6.44186584e+002 1.81908081e+002
  6.78384155e+002 1.87469177e+002 7.13660339e+002 1.92301086e+002
  7.46539001e+002 1.97324448e+002 7.79601379e+002 2.01382446e+002
  8.12365112e+002 2.06731277e+002 8.44010010e+002 2.11076874e+002
  5.34016479e+002 2.06899261e+002 5.70594116e+002 2.10889099e+002
  6.07683899e+002 2.15901428e+002 6.43512878e+002 2.20236633e+002
  6.78393066e+002 2.24509720e+002 7.12642883e+002 2.29109253e+002
  7.46175537e+002 2.33836487e+002 7.78074463e+002 2.38620758e+002
  8.10440369e+002 2.43434006e+002 8.43262634e+002 2.47689972e+002
  5.32424316e+002 2.46413940e+002 5.69013428e+002 2.50268448e+002
  6.05639221e+002 2.54217926e+002 6.41402283e+002 2.59075714e+002
  6.77346436e+002 2.63367035e+002 7.10725647e+002 2.67657928e+002
  7.43379272e+002 2.71327393e+002 7.76477661e+002 2.75942688e+002
  8.07599060e+002 2.80208405e+002 8.39733276e+002 2.83993134e+002
  5.31094727e+002 2.84934814e+002 5.68564331e+002 2.89452972e+002
  6.04494141e+002 2.93251465e+002 6.39711792e+002 2.97249603e+002
  6.75108398e+002 3.01411896e+002 7.09209717e+002 3.05537567e+002
  7.41425598e+002 3.09611572e+002 7.74171936e+002 3.12747375e+002
  8.08358276e+002 3.17004822e+002 8.40416687e+002 3.20349762e+002
  5.29597473e+002 3.24400818e+002 5.66458618e+002 3.28034149e+002
  6.02414063e+002 3.31731049e+002 6.37502930e+002 3.35515533e+002
  6.72630493e+002 3.39285522e+002 7.06785889e+002 3.43208771e+002
  7.40756714e+002 3.47087006e+002 7.73174927e+002 3.49955994e+002
  8.06396240e+002 3.53731873e+002 8.38195923e+002 3.56602783e+002</projector>
</opencv_storage>
