<?xml version="1.0"?>
<opencv_storage>
<world>
  0. 0. 0. 24. 0. 0. 48. 0. 0. 72. 0. 0. 96. 0. 0. 120. 0. 0. 144. 0. 0.
  168. 0. 0. 192. 0. 0. 216. 0. 0. 0. 24. 0. 24. 24. 0. 48. 24. 0. 72.
  24. 0. 96. 24. 0. 120. 24. 0. 144. 24. 0. 168. 24. 0. 192. 24. 0. 216.
  24. 0. 0. 48. 0. 24. 48. 0. 48. 48. 0. 72. 48. 0. 96. 48. 0. 120. 48.
  0. 144. 48. 0. 168. 48. 0. 192. 48. 0. 216. 48. 0. 0. 72. 0. 24. 72.
  0. 48. 72. 0. 72. 72. 0. 96. 72. 0. 120. 72. 0. 144. 72. 0. 168. 72.
  0. 192. 72. 0. 216. 72. 0. 0. 96. 0. 24. 96. 0. 48. 96. 0. 72. 96. 0.
  96. 96. 0. 120. 96. 0. 144. 96. 0. 168. 96. 0. 192. 96. 0. 216. 96. 0.
  0. 120. 0. 24. 120. 0. 48. 120. 0. 72. 120. 0. 96. 120. 0. 120. 120.
  0. 144. 120. 0. 168. 120. 0. 192. 120. 0. 216. 120. 0. 0. 144. 0. 24.
  144. 0. 48. 144. 0. 72. 144. 0. 96. 144. 0. 120. 144. 0. 144. 144. 0.
  168. 144. 0. 192. 144. 0. 216. 144. 0.</world>
<camera>
  9.10019165e+002 461. 9.29204407e+002 4.61684814e+002 9.48344238e+002
  4.62588898e+002 9.67234863e+002 4.63483185e+002 9.86306946e+002
  4.64412079e+002 1.00507904e+003 4.65303253e+002 1.02389374e+003
  4.66126801e+002 1.04257349e+003 4.66962830e+002 1.06121924e+003
  4.67725189e+002 1.07968701e+003 4.68797699e+002 9.09298889e+002
  4.80253662e+002 9.28508362e+002 4.81010529e+002 9.47648376e+002
  4.81604523e+002 9.66581848e+002 4.82615295e+002 9.85567200e+002
  4.83407898e+002 1.00458826e+003 4.84291687e+002 1.02354211e+003
  4.85133423e+002 1.04235510e+003 4.85734222e+002 1.06076978e+003
  4.86766205e+002 1.07911169e+003 4.87617645e+002 9.08623291e+002
  4.99485596e+002 9.27990417e+002 5.00264008e+002 9.47040100e+002
  5.00918182e+002 9.66201660e+002 5.01664703e+002 9.85070068e+002
  5.02584229e+002 1.00428583e+003 5.03341278e+002 1.02298022e+003
  5.04128845e+002 1.04155847e+003 5.05082886e+002 1.06029187e+003
  5.05742371e+002 1.07861548e+003 5.06696594e+002 9.08087341e+002
  5.18787170e+002 9.27315125e+002 5.19471375e+002 9.46530579e+002
  5.20207642e+002 9.65511353e+002 5.21015808e+002 9.84590515e+002
  5.21639282e+002 1.00356219e+003 5.22492981e+002 1.02245258e+003
  5.23301086e+002 1.04068738e+003 5.24097046e+002 1.05946667e+003
  5.24831177e+002 1.07808838e+003 5.25524353e+002 9.07290894e+002
  5.38106873e+002 9.26600525e+002 5.38720581e+002 9.45767944e+002
  5.39388062e+002 9.64853699e+002 5.40261658e+002 9.84068542e+002
  5.40916870e+002 1.00285388e+003 5.41640198e+002 1.02155304e+003
  5.42497559e+002 1.04028369e+003 5.43207214e+002 1.05873315e+003
  5.43882507e+002 1.07734546e+003 5.44661072e+002 9.06623474e+002
  5.57401123e+002 9.25978821e+002 5.58090027e+002 9.45163391e+002
  5.58740112e+002 9.64329834e+002 5.59411377e+002 9.83214539e+002
  5.60242432e+002 1.00232166e+003 5.60905029e+002 1.02081689e+003
  5.61547913e+002 1.03947607e+003 5.62402100e+002 1.05848108e+003
  5.62905457e+002 1.07681519e+003 5.63588684e+002 9.05890564e+002
  5.76656982e+002 9.25219543e+002 5.77389282e+002 9.44496094e+002
  5.78103210e+002 9.63509521e+002 5.78750732e+002 9.82515137e+002
  5.79405457e+002 1.00136432e+003 5.80111328e+002 1.02029755e+003
  5.80796265e+002 1.03880530e+003 5.81447571e+002 1.05765149e+003
  5.82150085e+002 1.07636340e+003 5.82669861e+002</camera>
<projector>
  9.57395874e+002 3.24441650e+002 9.90523376e+002 3.23145203e+002
  1.02457593e+003 3.21935638e+002 1.05917297e+003 3.18841919e+002
  1.09423853e+003 3.17577850e+002 1.12954163e+003 3.16205597e+002
  1.16540662e+003 3.14730713e+002 1.20172131e+003 3.13144775e+002
  1.23713293e+003 3.11825043e+002 1.27512122e+003 3.10389954e+002
  9.56044373e+002 3.58244171e+002 9.90817078e+002 3.56991791e+002
  1.02480920e+003 3.55916260e+002 1.05944385e+003 3.54928833e+002
  1.09435901e+003 3.52098114e+002 1.12954333e+003 3.50797974e+002
  1.16530542e+003 3.49491821e+002 1.19975464e+003 3.48460175e+002
  1.23725488e+003 3.47306641e+002 1.27328601e+003 3.46253387e+002
  9.56429626e+002 3.91803192e+002 9.89384827e+002 3.90847198e+002
  1.02330731e+003 3.90038666e+002 1.05792322e+003 3.89225464e+002
  1.09259900e+003 3.88407532e+002 1.12741150e+003 3.85409760e+002
  1.16358850e+003 3.84485382e+002 1.20057581e+003 3.83653717e+002
  1.23568262e+003 3.83089294e+002 1.27353931e+003 3.82077057e+002
  9.55111450e+002 4.27259186e+002 9.88032532e+002 4.24783173e+002
  1.02356683e+003 4.24001190e+002 1.05808447e+003 4.23361359e+002
  1.09268323e+003 4.22673645e+002 1.12787585e+003 4.20000641e+002
  1.16226990e+003 4.19752045e+002 1.19939478e+003 4.19171936e+002
  1.23456030e+003 4.18750977e+002 1.27202380e+003 4.18060944e+002
  9.53926758e+002 4.60929565e+002 9.88280396e+002 4.60164642e+002
  1.02206439e+003 4.58018280e+002 1.05643457e+003 4.57587891e+002
  1.09121582e+003 4.57117767e+002 1.12663171e+003 4.56775696e+002
  1.16311511e+003 4.54759033e+002 1.19805078e+003 4.54761383e+002
  1.23507996e+003 4.54117371e+002 1.27070459e+003 4.53707642e+002
  9.54209961e+002 4.94520966e+002 9.87119507e+002 4.94184296e+002
  1.02077582e+003 4.93905609e+002 1.05511169e+003 4.91965485e+002
  1.09005261e+003 4.91854736e+002 1.12560107e+003 4.91822479e+002
  1.16203467e+003 4.91898010e+002 1.19663379e+003 4.89952698e+002
  1.23349365e+003 4.89762207e+002 1.27115344e+003 4.89408752e+002
  9.52934143e+002 5.29976013e+002 9.86032593e+002 5.28161499e+002
  1.01977588e+003 5.28171265e+002 1.05593628e+003 5.28165344e+002
  1.09087109e+003 5.26474976e+002 1.12457861e+003 5.26824524e+002
  1.16054614e+003 5.26886963e+002 1.19711450e+003 5.25104492e+002
  1.23391785e+003 5.25081665e+002 1.26953125e+003 5.25256775e+002</projector>
</opencv_storage>
