<?xml version="1.0"?>
<opencv_storage>
<world>
  0. 0. 0. 24. 0. 0. 48. 0. 0. 72. 0. 0. 96. 0. 0. 120. 0. 0. 144. 0. 0.
  168. 0. 0. 192. 0. 0. 216. 0. 0. 0. 24. 0. 24. 24. 0. 48. 24. 0. 72.
  24. 0. 96. 24. 0. 120. 24. 0. 144. 24. 0. 168. 24. 0. 192. 24. 0. 216.
  24. 0. 0. 48. 0. 24. 48. 0. 48. 48. 0. 72. 48. 0. 96. 48. 0. 120. 48.
  0. 144. 48. 0. 168. 48. 0. 192. 48. 0. 216. 48. 0. 0. 72. 0. 24. 72.
  0. 48. 72. 0. 72. 72. 0. 96. 72. 0. 120. 72. 0. 144. 72. 0. 168. 72.
  0. 192. 72. 0. 216. 72. 0. 0. 96. 0. 24. 96. 0. 48. 96. 0. 72. 96. 0.
  96. 96. 0. 120. 96. 0. 144. 96. 0. 168. 96. 0. 192. 96. 0. 216. 96. 0.
  0. 120. 0. 24. 120. 0. 48. 120. 0. 72. 120. 0. 96. 120. 0. 120. 120.
  0. 144. 120. 0. 168. 120. 0. 192. 120. 0. 216. 120. 0. 0. 144. 0. 24.
  144. 0. 48. 144. 0. 72. 144. 0. 96. 144. 0. 120. 144. 0. 144. 144. 0.
  168. 144. 0. 192. 144. 0. 216. 144. 0.</world>
<camera>
  3.26321655e+002 5.24236572e+002 3.73307556e+002 5.26766113e+002
  4.20477020e+002 5.29452759e+002 4.67886261e+002 5.32428040e+002
  5.15556274e+002 5.35142517e+002 5.63345276e+002 5.37770447e+002
  6.10870483e+002 5.40617737e+002 6.58202271e+002 5.43368530e+002
  7.05303955e+002 5.46281067e+002 7.51615967e+002 5.49080078e+002
  3.22679596e+002 5.72142334e+002 3.69672577e+002 5.74612915e+002
  4.17315948e+002 5.77274475e+002 4.65128540e+002 5.79970703e+002
  5.13022644e+002 5.82596985e+002 5.61113953e+002 5.85372253e+002
  6.08964966e+002 5.87898438e+002 6.56510376e+002 5.90583618e+002
  7.03749512e+002 5.93117737e+002 7.50543030e+002 5.95585388e+002
  3.19346680e+002 6.20524231e+002 3.66424500e+002 6.22790344e+002
  4.14189880e+002 6.25292297e+002 4.62466766e+002 6.27859497e+002
  5.10738159e+002 6.30473206e+002 5.59381592e+002 6.32900940e+002
  6.07540283e+002 6.35297546e+002 6.55478455e+002 6.37697449e+002
  7.03312195e+002 6.40269653e+002 7.50281128e+002 6.42538147e+002
  3.16485535e+002 6.69264709e+002 3.63793671e+002 6.71691467e+002
  4.11714142e+002 6.74321350e+002 4.60113525e+002 6.76675354e+002
  5.08673676e+002 6.79167175e+002 5.57408325e+002 6.81482117e+002
  6.05878845e+002 6.83665466e+002 6.53783142e+002 6.85977417e+002
  7.01939331e+002 6.88232788e+002 7.49056213e+002 6.90169678e+002
  3.14284302e+002 7.18438232e+002 3.61709869e+002 7.20966064e+002
  4.09686371e+002 7.23425171e+002 4.58318634e+002 7.26060425e+002
  5.06920502e+002 7.28407532e+002 5.55589905e+002 7.30593872e+002
  6.04281860e+002 7.32628906e+002 6.52410522e+002 7.34552124e+002
  7.00310242e+002 7.36508423e+002 7.47404907e+002 7.37779175e+002
  3.12248810e+002 7.67424683e+002 3.59749451e+002 7.70275940e+002
  4.08009979e+002 7.72752441e+002 4.56602539e+002 7.75279724e+002
  5.05424164e+002 7.77512512e+002 5.54423523e+002 7.79552795e+002
  6.02696777e+002 7.81435974e+002 6.51251343e+002 7.83005066e+002
  6.99480225e+002 7.84558472e+002 7.46930298e+002 7.85609192e+002
  3.11045563e+002 8.16492126e+002 3.58717102e+002 8.19302002e+002
  4.06925415e+002 8.21835999e+002 4.55472076e+002 8.24383667e+002
  5.04299591e+002 8.26555115e+002 5.53182678e+002 8.28513672e+002
  6.01613037e+002 8.30198059e+002 6.50355103e+002 8.31484009e+002
  6.98491394e+002 8.32554321e+002 7.46111328e+002 8.33448669e+002</camera>
<projector>
  1.39716446e+002 1.09909546e+002 1.76918289e+002 1.10842636e+002
  2.14071579e+002 1.10925438e+002 2.51921509e+002 1.11825905e+002
  2.89550079e+002 1.12621521e+002 3.26430969e+002 1.13521751e+002
  3.64453979e+002 1.14349800e+002 4.01809814e+002 1.14443947e+002
  4.39538727e+002 1.15282974e+002 4.77813049e+002 1.16230751e+002
  1.38738770e+002 1.47640106e+002 1.75645447e+002 1.48440491e+002
  2.12562347e+002 1.48656235e+002 2.50009094e+002 1.49527908e+002
  2.87397980e+002 1.50477570e+002 3.24860474e+002 1.50653641e+002
  3.62685577e+002 1.51724854e+002 4.00697784e+002 1.52754745e+002
  4.38263947e+002 1.53136826e+002 4.76400116e+002 1.54299026e+002
  1.36625366e+002 1.85662003e+002 1.73057007e+002 1.85685562e+002
  2.10327469e+002 1.85787338e+002 2.47456467e+002 1.86774399e+002
  2.85416412e+002 1.87007950e+002 3.22560669e+002 1.88095139e+002
  3.60841431e+002 1.88489792e+002 3.97928467e+002 1.89794083e+002
  4.36234497e+002 1.90397049e+002 4.74439484e+002 1.91920654e+002
  1.34998093e+002 2.22828384e+002 1.72235703e+002 2.23535004e+002
  2.09290359e+002 2.23689407e+002 2.46097778e+002 2.24667999e+002
  2.83708221e+002 2.24956635e+002 3.20827515e+002 2.25415909e+002
  3.59147125e+002 2.26861343e+002 3.97059143e+002 2.27678848e+002
  4.35081573e+002 2.28516632e+002 4.73064972e+002 2.29486298e+002
  1.34067520e+002 2.60572510e+002 1.71182037e+002 2.61360382e+002
  2.08062012e+002 2.61452301e+002 2.44762833e+002 2.62488647e+002
  2.82234650e+002 2.62861298e+002 3.20254944e+002 2.64383453e+002
  3.58008667e+002 2.65362946e+002 3.95810120e+002 2.66425354e+002
  4.33849670e+002 2.67476440e+002 4.71500977e+002 2.67978180e+002
  1.32442215e+002 2.98143250e+002 1.69498001e+002 2.98884308e+002
  2.06435043e+002 2.99937225e+002 2.44127258e+002 3.00395538e+002
  2.81127045e+002 3.01857880e+002 3.18864288e+002 3.02594849e+002
  3.57228180e+002 3.02998627e+002 3.94766754e+002 3.04152008e+002
  4.32294159e+002 3.05384949e+002 4.70592194e+002 3.06011780e+002
  1.31594345e+002 3.35959412e+002 1.68797882e+002 3.36869507e+002
  2.05748657e+002 3.37951050e+002 2.42696487e+002 3.38537476e+002
  2.80289490e+002 3.40021057e+002 3.18104675e+002 3.41021423e+002
  3.56135712e+002 3.41403870e+002 3.93503784e+002 3.41958679e+002
  4.31151550e+002 3.43443970e+002 4.69377136e+002 3.43625610e+002</projector>
</opencv_storage>
