<?xml version="1.0"?>
<opencv_storage>
<world>
  0. 0. 0. 24. 0. 0. 48. 0. 0. 72. 0. 0. 96. 0. 0. 120. 0. 0. 144. 0. 0.
  168. 0. 0. 192. 0. 0. 216. 0. 0. 0. 24. 0. 24. 24. 0. 48. 24. 0. 72.
  24. 0. 96. 24. 0. 120. 24. 0. 144. 24. 0. 168. 24. 0. 192. 24. 0. 216.
  24. 0. 0. 48. 0. 24. 48. 0. 48. 48. 0. 72. 48. 0. 96. 48. 0. 120. 48.
  0. 144. 48. 0. 168. 48. 0. 192. 48. 0. 216. 48. 0. 0. 72. 0. 24. 72.
  0. 48. 72. 0. 72. 72. 0. 96. 72. 0. 120. 72. 0. 144. 72. 0. 168. 72.
  0. 192. 72. 0. 216. 72. 0. 0. 96. 0. 24. 96. 0. 48. 96. 0. 72. 96. 0.
  96. 96. 0. 120. 96. 0. 144. 96. 0. 168. 96. 0. 192. 96. 0. 216. 96. 0.
  0. 120. 0. 24. 120. 0. 48. 120. 0. 72. 120. 0. 96. 120. 0. 120. 120.
  0. 144. 120. 0. 168. 120. 0. 192. 120. 0. 216. 120. 0. 0. 144. 0. 24.
  144. 0. 48. 144. 0. 72. 144. 0. 96. 144. 0. 120. 144. 0. 144. 144. 0.
  168. 144. 0. 192. 144. 0. 216. 144. 0.</world>
<camera>
  3.71245361e+002 1.01536049e+002 4.04115753e+002 1.11141762e+002
  4.36214691e+002 1.20905548e+002 4.67704071e+002 1.30750626e+002
  4.98937225e+002 1.40243118e+002 5.29597290e+002 1.49684998e+002
  5.59520874e+002 1.59225235e+002 5.88831970e+002 1.68558395e+002
  6.17494080e+002 1.77820328e+002 6.45550171e+002 1.86986557e+002
  3.65785309e+002 1.34142273e+002 3.99414368e+002 1.43294769e+002
  4.31895172e+002 1.52741165e+002 4.64062134e+002 1.62220169e+002
  4.95648254e+002 1.71396301e+002 5.26727112e+002 1.80662704e+002
  5.56973938e+002 1.89962204e+002 5.86473267e+002 1.99175354e+002
  6.15390747e+002 2.08192444e+002 6.43579285e+002 2.17194778e+002
  3.60750244e+002 1.67387863e+002 3.95422668e+002 1.75782898e+002
  4.28730713e+002 1.84656693e+002 4.61555206e+002 1.93684647e+002
  4.93590546e+002 2.02731598e+002 5.25302490e+002 2.11692642e+002
  5.55858826e+002 2.20568893e+002 5.85659180e+002 2.29566422e+002
  6.15020386e+002 2.38428909e+002 6.43175476e+002 2.47521164e+002
  3.55681854e+002 2.01656830e+002 3.90560577e+002 2.09964432e+002
  4.24404114e+002 2.18549683e+002 4.57855652e+002 2.26980011e+002
  4.90637848e+002 2.35542923e+002 5.22388184e+002 2.44333496e+002
  5.53226013e+002 2.53161972e+002 5.82818787e+002 2.61868347e+002
  6.12780334e+002 2.70367523e+002 6.41342102e+002 2.78840027e+002
  3.50402496e+002 2.37055344e+002 3.85421295e+002 2.45276825e+002
  4.19897034e+002 2.53242615e+002 4.53654907e+002 2.61512115e+002
  4.87007782e+002 2.69678406e+002 5.18709290e+002 2.78306610e+002
  5.49277649e+002 2.86953308e+002 5.79406189e+002 2.95319183e+002
  6.08881653e+002 3.03482788e+002 6.38148987e+002 3.11449463e+002
  3.45786163e+002 2.72812439e+002 3.81425812e+002 2.80561188e+002
  4.15938019e+002 2.88670746e+002 4.49532410e+002 2.96839172e+002
  4.82475800e+002 3.05027679e+002 5.15124756e+002 3.13024323e+002
  5.45880798e+002 3.21217377e+002 5.76710205e+002 3.29092529e+002
  6.07582581e+002 3.36455078e+002 6.37125793e+002 3.43920380e+002
  3.40742950e+002 3.09820770e+002 3.76329193e+002 3.17538483e+002
  4.11154968e+002 3.25297058e+002 4.45211060e+002 3.33152832e+002
  4.78593933e+002 3.40716217e+002 5.11265106e+002 3.48457153e+002
  5.43196289e+002 3.55967255e+002 5.74447266e+002 3.63356598e+002
  6.05148987e+002 3.70409821e+002 6.34919312e+002 3.77537628e+002</camera>
<projector>
  1.85239746e+002 6.99097214e+001 2.20101303e+002 7.62187042e+001
  2.54174026e+002 8.35374908e+001 2.88392090e+002 9.08066025e+001
  3.21468414e+002 9.69819870e+001 3.54821259e+002 1.04180069e+002
  3.87466461e+002 1.10296684e+002 4.19223999e+002 1.17553673e+002
  4.50108978e+002 1.23825005e+002 4.82543274e+002 1.29976120e+002
  1.84044250e+002 1.03204956e+002 2.18334656e+002 1.09623207e+002
  2.52947952e+002 1.16960457e+002 2.86643280e+002 1.23207146e+002
  3.20372772e+002 1.29370270e+002 3.53485535e+002 1.36607681e+002
  3.85710876e+002 1.42864212e+002 4.17167816e+002 1.49157806e+002
  4.48871796e+002 1.55381042e+002 4.81055298e+002 1.61615967e+002
  1.82624603e+002 1.36782516e+002 2.17338989e+002 1.43241730e+002
  2.52394180e+002 1.49567062e+002 2.86612946e+002 1.55873505e+002
  3.20016388e+002 1.62163147e+002 3.52604095e+002 1.68432693e+002
  3.85597687e+002 1.74690781e+002 4.17822479e+002 1.80978195e+002
  4.49360352e+002 1.86334351e+002 4.80493439e+002 1.93699081e+002
  1.81327835e+002 1.71489532e+002 2.16631042e+002 1.76974426e+002
  2.50283783e+002 1.83404343e+002 2.84936584e+002 1.88808319e+002
  3.18851654e+002 1.95118408e+002 3.51128967e+002 2.00520111e+002
  3.84015015e+002 2.06834824e+002 4.16118408e+002 2.13258087e+002
  4.48332062e+002 2.18669632e+002 4.79020935e+002 2.25293503e+002
  1.78919220e+002 2.05385223e+002 2.13960358e+002 2.10953735e+002
  2.49042343e+002 2.16453369e+002 2.83459686e+002 2.22861206e+002
  3.17038300e+002 2.28325043e+002 3.50162476e+002 2.33776672e+002
  3.81912689e+002 2.40331863e+002 4.13689392e+002 2.45924408e+002
  4.45640808e+002 2.51431015e+002 4.76859711e+002 2.57179352e+002
  1.78190491e+002 2.39534653e+002 2.12828445e+002 2.45168533e+002
  2.47734650e+002 2.50689484e+002 2.81987732e+002 2.56276489e+002
  3.14465179e+002 2.61936859e+002 3.48215790e+002 2.67577820e+002
  3.80535736e+002 2.73213745e+002 4.12986542e+002 2.78863861e+002
  4.45463928e+002 2.83599426e+002 4.76431061e+002 2.89467010e+002
  1.76579437e+002 2.73855286e+002 2.11058777e+002 2.79598419e+002
  2.45641144e+002 2.84374634e+002 2.79574707e+002 2.90093445e+002
  3.13752716e+002 2.95788116e+002 3.46266846e+002 3.00678070e+002
  3.79029236e+002 3.06413177e+002 4.11186737e+002 3.11381592e+002
  4.43300873e+002 3.16240936e+002 4.75173492e+002 3.22207703e+002</projector>
</opencv_storage>
