<?xml version="1.0"?>
<opencv_storage>
<world>
  0. 0. 0. 48. 0. 0. 96. 0. 0. 144. 0. 0. 192. 0. 0. 240. 0. 0. 288. 0.
  0. 336. 0. 0. 384. 0. 0. 432. 0. 0. 0. 48. 0. 48. 48. 0. 96. 48. 0.
  144. 48. 0. 192. 48. 0. 240. 48. 0. 288. 48. 0. 336. 48. 0. 384. 48.
  0. 432. 48. 0. 0. 96. 0. 48. 96. 0. 96. 96. 0. 144. 96. 0. 192. 96. 0.
  240. 96. 0. 288. 96. 0. 336. 96. 0. 384. 96. 0. 432. 96. 0. 0. 144. 0.
  48. 144. 0. 96. 144. 0. 144. 144. 0. 192. 144. 0. 240. 144. 0. 288.
  144. 0. 336. 144. 0. 384. 144. 0. 432. 144. 0. 0. 192. 0. 48. 192. 0.
  96. 192. 0. 144. 192. 0. 192. 192. 0. 240. 192. 0. 288. 192. 0. 336.
  192. 0. 384. 192. 0. 432. 192. 0. 0. 240. 0. 48. 240. 0. 96. 240. 0.
  144. 240. 0. 192. 240. 0. 240. 240. 0. 288. 240. 0. 336. 240. 0. 384.
  240. 0. 432. 240. 0. 0. 288. 0. 48. 288. 0. 96. 288. 0. 144. 288. 0.
  192. 288. 0. 240. 288. 0. 288. 288. 0. 336. 288. 0. 384. 288. 0. 432.
  288. 0.</world>
<camera>
  6.29091858e+002 4.66829407e+002 6.65706604e+002 4.63625214e+002
  7.04582642e+002 4.60526245e+002 7.45892883e+002 4.56952301e+002
  7.90507446e+002 4.53659180e+002 8.37367126e+002 4.50305817e+002
  8.86663208e+002 4.45664032e+002 9.40481934e+002 4.41578583e+002
  9.97453369e+002 4.37191528e+002 1.05835132e+003 4.32399353e+002
  6.19532654e+002 5.13797302e+002 6.56439453e+002 5.12066406e+002
  6.96145264e+002 5.10313843e+002 7.38026550e+002 5.08472443e+002
  7.83236145e+002 5.06636505e+002 8.30062500e+002 5.04196625e+002
  8.80444458e+002 5.01573730e+002 9.35404541e+002 4.99330536e+002
  9.93373962e+002 4.97078796e+002 1.05551599e+003 4.94496368e+002
  6.09716858e+002 5.62667236e+002 6.47361816e+002 5.62450195e+002
  6.87117004e+002 5.62012024e+002 7.29862427e+002 5.61671509e+002
  7.75177551e+002 5.61284363e+002 8.22619873e+002 5.60655701e+002
  8.73753235e+002 5.59961670e+002 9.29800354e+002 5.59895447e+002
  9.89254883e+002 5.59587402e+002 1.05240662e+003 5.59326843e+002
  5.99176270e+002 6.13170349e+002 6.37072083e+002 6.14148315e+002
  6.78034058e+002 6.15075195e+002 7.20974426e+002 6.16387878e+002
  7.65917358e+002 6.17518738e+002 8.14246155e+002 6.18830444e+002
  8.67648987e+002 6.20951660e+002 9.23702026e+002 6.22802673e+002
  9.83805664e+002 6.24883179e+002 1.04891467e+003 6.26873596e+002
  5.88321472e+002 6.65590393e+002 6.27285217e+002 6.68171631e+002
  6.68880127e+002 6.70915588e+002 7.12162415e+002 6.73596008e+002
  7.58422485e+002 6.77227844e+002 8.07235657e+002 6.80679260e+002
  8.60129944e+002 6.84563843e+002 9.18112244e+002 6.88987427e+002
  9.79511108e+002 6.93708923e+002 1.04581287e+003 6.98742126e+002
  5.78435913e+002 7.20040833e+002 6.17613953e+002 7.24138184e+002
  6.59052124e+002 7.28764221e+002 7.02841675e+002 7.33807861e+002
  7.49601746e+002 7.39149231e+002 7.99788391e+002 7.44990173e+002
  8.53255005e+002 7.51604004e+002 9.11925659e+002 7.58361938e+002
  9.75309814e+002 7.65971191e+002 1.04267310e+003 7.74131836e+002
  5.67839600e+002 7.76048950e+002 6.08029968e+002 7.82392029e+002
  6.49742493e+002 7.88990356e+002 6.93049316e+002 7.95815308e+002
  7.39932129e+002 8.03844543e+002 7.91898621e+002 8.12025146e+002
  8.46321838e+002 8.21170410e+002 9.05772644e+002 8.30934326e+002
  9.69892578e+002 8.41574829e+002 1.03960632e+003 8.53097717e+002</camera>
<projector>
  3.63162994e+002 3.21590607e+002 4.23423157e+002 3.20896973e+002
  4.84050964e+002 3.20037598e+002 5.43636597e+002 3.18687012e+002
  6.05657104e+002 3.18643921e+002 6.65983459e+002 3.17360840e+002
  7.28579895e+002 3.16551300e+002 7.90514832e+002 3.16285461e+002
  8.52967468e+002 3.15086334e+002 9.15839539e+002 3.14180542e+002
  3.61083313e+002 3.79640686e+002 4.19617004e+002 3.78512695e+002
  4.80766174e+002 3.77610321e+002 5.42090942e+002 3.76941650e+002
  6.03648804e+002 3.77387329e+002 6.65547302e+002 3.75891266e+002
  7.27632385e+002 3.75507294e+002 7.90759521e+002 3.74446014e+002
  8.53707153e+002 3.74465485e+002 9.18014160e+002 3.73620605e+002
  3.57708099e+002 4.38607666e+002 4.17594055e+002 4.37642151e+002
  4.78911591e+002 4.37275391e+002 5.40880066e+002 4.37269012e+002
  6.02515503e+002 4.36028625e+002 6.65642517e+002 4.35845093e+002
  7.28049194e+002 4.34897339e+002 7.91408386e+002 4.34911743e+002
  8.54608826e+002 4.35043549e+002 9.17923157e+002 4.33898010e+002
  3.53462860e+002 4.97660187e+002 4.14689606e+002 4.97100281e+002
  4.76819916e+002 4.96417145e+002 5.39208740e+002 4.95800995e+002
  6.01027344e+002 4.96182404e+002 6.63515564e+002 4.95252625e+002
  7.28017944e+002 4.95446136e+002 7.91473450e+002 4.95587158e+002
  8.55251953e+002 4.95207672e+002 9.19423096e+002 4.95047455e+002
  3.50852203e+002 5.58702332e+002 4.13026276e+002 5.57864990e+002
  4.75919189e+002 5.57655029e+002 5.37384644e+002 5.57601257e+002
  5.99766846e+002 5.57222412e+002 6.63071167e+002 5.57165527e+002
  7.26899963e+002 5.57315186e+002 7.91299500e+002 5.57199219e+002
  8.56424866e+002 5.57501099e+002 9.20820496e+002 5.57432861e+002
  3.48633118e+002 6.20138245e+002 4.11635345e+002 6.19457581e+002
  4.73805969e+002 6.19710266e+002 5.35972412e+002 6.19952515e+002
  5.99626221e+002 6.19476135e+002 6.63147095e+002 6.19543518e+002
  7.26656555e+002 6.20066040e+002 7.91361572e+002 6.19795227e+002
  8.56252075e+002 6.20532166e+002 9.21827759e+002 6.20579224e+002
  3.46311920e+002 6.82293152e+002 4.09153961e+002 6.81927917e+002
  4.72831757e+002 6.82377258e+002 5.34260498e+002 6.82343506e+002
  5.97819763e+002 6.82701416e+002 6.62307068e+002 6.82816284e+002
  7.26057312e+002 6.83232849e+002 7.91698486e+002 6.83810059e+002
  8.56772461e+002 6.84775208e+002 9.22992981e+002 6.84837036e+002</projector>
</opencv_storage>
