<?xml version="1.0"?>
<opencv_storage>
<world>
  0. 0. 0. 48. 0. 0. 96. 0. 0. 144. 0. 0. 192. 0. 0. 240. 0. 0. 288. 0.
  0. 336. 0. 0. 384. 0. 0. 432. 0. 0. 0. 48. 0. 48. 48. 0. 96. 48. 0.
  144. 48. 0. 192. 48. 0. 240. 48. 0. 288. 48. 0. 336. 48. 0. 384. 48.
  0. 432. 48. 0. 0. 96. 0. 48. 96. 0. 96. 96. 0. 144. 96. 0. 192. 96. 0.
  240. 96. 0. 288. 96. 0. 336. 96. 0. 384. 96. 0. 432. 96. 0. 0. 144. 0.
  48. 144. 0. 96. 144. 0. 144. 144. 0. 192. 144. 0. 240. 144. 0. 288.
  144. 0. 336. 144. 0. 384. 144. 0. 432. 144. 0. 0. 192. 0. 48. 192. 0.
  96. 192. 0. 144. 192. 0. 192. 192. 0. 240. 192. 0. 288. 192. 0. 336.
  192. 0. 384. 192. 0. 432. 192. 0. 0. 240. 0. 48. 240. 0. 96. 240. 0.
  144. 240. 0. 192. 240. 0. 240. 240. 0. 288. 240. 0. 336. 240. 0. 384.
  240. 0. 432. 240. 0. 0. 288. 0. 48. 288. 0. 96. 288. 0. 144. 288. 0.
  192. 288. 0. 240. 288. 0. 288. 288. 0. 336. 288. 0. 384. 288. 0. 432.
  288. 0.</world>
<camera>
  6.53982849e+002 4.60042603e+002 6.83571655e+002 4.54371399e+002
  7.16094055e+002 4.48300476e+002 7.51769897e+002 4.41787537e+002
  7.92285461e+002 4.34664368e+002 8.36065063e+002 4.26805267e+002
  8.84151550e+002 4.17397003e+002 9.39397583e+002 4.07481873e+002
  1.00130963e+003 3.96228241e+002 1.07090308e+003 3.83499756e+002
  6.44696106e+002 5.09743652e+002 6.74310242e+002 5.06086212e+002
  7.07339050e+002 5.02444336e+002 7.43229553e+002 4.98526459e+002
  7.83748230e+002 4.94188293e+002 8.27253906e+002 4.88905273e+002
  8.76109253e+002 4.82902222e+002 9.32380493e+002 4.77069031e+002
  9.95174194e+002 4.70329742e+002 1.06623621e+003 4.62283722e+002
  6.35231934e+002 5.60858765e+002 6.65153748e+002 5.59640625e+002
  6.97823242e+002 5.58548401e+002 7.34450806e+002 5.57125610e+002
  7.74754517e+002 5.55460876e+002 8.18175110e+002 5.53577942e+002
  8.67548889e+002 5.51418762e+002 9.24826233e+002 5.49671082e+002
  9.88865356e+002 5.47506226e+002 1.06091882e+003 5.45071106e+002
  6.25031372e+002 6.13582642e+002 6.54879272e+002 6.14827393e+002
  6.88461792e+002 6.15589050e+002 7.24828186e+002 6.17112671e+002
  7.63873108e+002 6.18845032e+002 8.07984619e+002 6.20567627e+002
  8.59778259e+002 6.23112610e+002 9.16531189e+002 6.25454224e+002
  9.80915527e+002 6.28606140e+002 1.05483875e+003 6.31816040e+002
  6.14360840e+002 6.68138245e+002 6.44999878e+002 6.71763184e+002
  6.79032166e+002 6.75807373e+002 7.15152771e+002 6.80137512e+002
  7.55643433e+002 6.85506287e+002 7.99901917e+002 6.91023560e+002
  8.50480225e+002 6.97644592e+002 9.08783997e+002 7.05321350e+002
  9.74138062e+002 7.13730713e+002 1.04963184e+003 7.24075928e+002
  6.04860352e+002 7.24489014e+002 6.35502441e+002 7.30720825e+002
  6.68704285e+002 7.37821167e+002 7.05577820e+002 7.45565735e+002
  7.46023376e+002 7.54517578e+002 7.91421570e+002 7.64620300e+002
  8.41480957e+002 7.76172180e+002 9.00740784e+002 7.89022644e+002
  9.68105957e+002 8.03840332e+002 1.04431653e+003 8.21096191e+002
  5.95072205e+002 7.82429260e+002 6.26481018e+002 7.91617981e+002
  6.59459106e+002 8.02035278e+002 6.95216797e+002 8.13079285e+002
  7.35098022e+002 8.26549438e+002 7.81975159e+002 8.40950806e+002
  8.33323792e+002 8.57689148e+002 8.92386353e+002 8.76507751e+002
  9.60463257e+002 8.97916626e+002 1.03902747e+003 9.22846924e+002</camera>
<projector>
  4.17098755e+002 3.13705109e+002 4.74458282e+002 3.08040253e+002
  5.32288818e+002 3.02898560e+002 5.92678772e+002 2.98643250e+002
  6.54778503e+002 2.93533234e+002 7.18747437e+002 2.88153961e+002
  7.83926331e+002 2.81446136e+002 8.51825012e+002 2.75917358e+002
  9.21796387e+002 2.70597137e+002 9.93349060e+002 2.64434540e+002
  4.13782471e+002 3.73716217e+002 4.69472534e+002 3.68821045e+002
  5.29006287e+002 3.64239868e+002 5.89687561e+002 3.61005249e+002
  6.52752136e+002 3.56061615e+002 7.16084778e+002 3.51274719e+002
  7.82258240e+002 3.46094452e+002 8.50749939e+002 3.41552124e+002
  9.20749390e+002 3.36707001e+002 9.92703735e+002 3.31806000e+002
  4.08843079e+002 4.33709839e+002 4.66461823e+002 4.30635376e+002
  5.26504639e+002 4.27272766e+002 5.86356506e+002 4.23187073e+002
  6.50220642e+002 4.18899872e+002 7.14014709e+002 4.15886810e+002
  7.81240906e+002 4.10586884e+002 8.49648193e+002 4.08073578e+002
  9.20221252e+002 4.04523804e+002 9.92468262e+002 3.99972931e+002
  4.05093658e+002 4.95219086e+002 4.63391937e+002 4.91833496e+002
  5.21822327e+002 4.88909698e+002 5.84371826e+002 4.85800781e+002
  6.46635071e+002 4.83488403e+002 7.11213135e+002 4.80398621e+002
  7.78973450e+002 4.77311951e+002 8.48373657e+002 4.74131989e+002
  9.18838867e+002 4.72200470e+002 9.91535156e+002 4.68899261e+002
  4.00435333e+002 5.56060242e+002 4.59738007e+002 5.54546936e+002
  5.20416626e+002 5.52630676e+002 5.80893860e+002 5.50087097e+002
  6.45365295e+002 5.49027100e+002 7.09837219e+002 5.46116882e+002
  7.76221741e+002 5.44876953e+002 8.46584473e+002 5.42489258e+002
  9.17486755e+002 5.40963745e+002 9.91428223e+002 5.38839844e+002
  3.98450317e+002 6.18163879e+002 4.58061737e+002 6.17831421e+002
  5.17809814e+002 6.16539185e+002 5.79477478e+002 6.15853577e+002
  6.42533142e+002 6.15014160e+002 7.07324402e+002 6.14155579e+002
  7.74286011e+002 6.12553894e+002 8.45188538e+002 6.11945923e+002
  9.16857971e+002 6.11336426e+002 9.90128235e+002 6.10186707e+002
  3.94888062e+002 6.81594055e+002 4.53789154e+002 6.81777405e+002
  5.14158936e+002 6.81986877e+002 5.75754639e+002 6.80852478e+002
  6.39562134e+002 6.81702515e+002 7.05660950e+002 6.81341003e+002
  7.73226746e+002 6.81832703e+002 8.42948730e+002 6.82195984e+002
  9.15034424e+002 6.82197327e+002 9.89769348e+002 6.82413208e+002</projector>
</opencv_storage>
