<?xml version="1.0"?>
<opencv_storage>
<world>
  0. 0. 0. 24. 0. 0. 48. 0. 0. 72. 0. 0. 96. 0. 0. 120. 0. 0. 144. 0. 0.
  168. 0. 0. 192. 0. 0. 216. 0. 0. 0. 24. 0. 24. 24. 0. 48. 24. 0. 72.
  24. 0. 96. 24. 0. 120. 24. 0. 144. 24. 0. 168. 24. 0. 192. 24. 0. 216.
  24. 0. 0. 48. 0. 24. 48. 0. 48. 48. 0. 72. 48. 0. 96. 48. 0. 120. 48.
  0. 144. 48. 0. 168. 48. 0. 192. 48. 0. 216. 48. 0. 0. 72. 0. 24. 72.
  0. 48. 72. 0. 72. 72. 0. 96. 72. 0. 120. 72. 0. 144. 72. 0. 168. 72.
  0. 192. 72. 0. 216. 72. 0. 0. 96. 0. 24. 96. 0. 48. 96. 0. 72. 96. 0.
  96. 96. 0. 120. 96. 0. 144. 96. 0. 168. 96. 0. 192. 96. 0. 216. 96. 0.
  0. 120. 0. 24. 120. 0. 48. 120. 0. 72. 120. 0. 96. 120. 0. 120. 120.
  0. 144. 120. 0. 168. 120. 0. 192. 120. 0. 216. 120. 0. 0. 144. 0. 24.
  144. 0. 48. 144. 0. 72. 144. 0. 96. 144. 0. 120. 144. 0. 144. 144. 0.
  168. 144. 0. 192. 144. 0. 216. 144. 0.</world>
<camera>
  7.09213867e+002 5.35798462e+002 7.30634155e+002 5.36894226e+002
  7.51623474e+002 5.37674988e+002 7.72747375e+002 5.38625549e+002
  7.93486511e+002 5.39626709e+002 8.14403931e+002 5.40643433e+002
  8.34888062e+002 5.41592529e+002 8.55404846e+002 5.42563354e+002
  8.75606506e+002 5.43530884e+002 8.95495911e+002 5.44541504e+002
  7.07759094e+002 5.57535400e+002 7.29439026e+002 5.58654907e+002
  7.50608337e+002 5.59440918e+002 7.71383789e+002 5.60400757e+002
  7.92312988e+002 5.61369141e+002 8.13286438e+002 5.62246643e+002
  8.33929504e+002 5.63132629e+002 8.54588196e+002 5.63833679e+002
  8.74509277e+002 5.64657104e+002 8.94342468e+002 5.65437927e+002
  7.06602539e+002 5.79462769e+002 7.28254333e+002 5.80566833e+002
  7.49401001e+002 5.81295166e+002 7.70322693e+002 5.81885010e+002
  7.91288879e+002 5.82704102e+002 8.12247498e+002 5.83428101e+002
  8.32770569e+002 5.84536072e+002 8.52742981e+002 5.85047363e+002
  8.72874939e+002 5.85670227e+002 8.92882446e+002 5.86549377e+002
  7.05410278e+002 6.01334595e+002 7.26983398e+002 6.02177734e+002
  7.48253418e+002 6.02677856e+002 7.69147400e+002 6.03457397e+002
  7.90118591e+002 6.04444275e+002 8.10890991e+002 6.04932922e+002
  8.31255554e+002 6.05477051e+002 8.51035339e+002 6.06022095e+002
  8.71252686e+002 6.06565247e+002 8.91349609e+002 6.07404663e+002
  7.04371338e+002 6.22756409e+002 7.25649109e+002 6.23533203e+002
  7.47027832e+002 6.24438599e+002 7.67981445e+002 6.24931580e+002
  7.88933289e+002 6.25610474e+002 8.09506958e+002 6.26363647e+002
  8.29677063e+002 6.26575256e+002 8.49772949e+002 6.27107117e+002
  8.69881836e+002 6.27488159e+002 8.89824768e+002 6.28334045e+002
  7.03218506e+002 6.44500854e+002 7.24639282e+002 6.45314941e+002
  7.45737244e+002 6.45582947e+002 7.66786316e+002 6.46469910e+002
  7.87396301e+002 6.46665833e+002 8.08224731e+002 6.47357666e+002
  8.28282471e+002 6.47464844e+002 8.48574707e+002 6.48057068e+002
  8.68881653e+002 6.48520203e+002 8.88701782e+002 6.49007141e+002
  7.02119873e+002 6.65786438e+002 7.23344360e+002 6.66541687e+002
  7.44482239e+002 6.66927979e+002 7.65327515e+002 6.67481567e+002
  7.86223999e+002 6.67744263e+002 8.06637329e+002 6.68314941e+002
  8.26751770e+002 6.68521545e+002 8.47169800e+002 6.68859924e+002
  8.67486145e+002 6.69454590e+002 8.87289063e+002 6.69544617e+002</camera>
<projector>
  5.30503418e+002 4.40771606e+002 5.68160828e+002 4.41133789e+002
  6.04950439e+002 4.41848785e+002 6.42269775e+002 4.42615936e+002
  6.77952881e+002 4.43380768e+002 7.15721008e+002 4.44083282e+002
  7.53751831e+002 4.44689209e+002 7.90369385e+002 4.45353241e+002
  8.29518127e+002 4.46070801e+002 8.65631226e+002 4.46965240e+002
  5.30312134e+002 4.78457886e+002 5.66072693e+002 4.79107208e+002
  6.04513428e+002 4.78165985e+002 6.40151062e+002 4.79169952e+002
  6.77505371e+002 4.80079315e+002 7.14995117e+002 4.80866119e+002
  7.52906677e+002 4.81606628e+002 7.91563171e+002 4.82435089e+002
  8.29073120e+002 4.83623291e+002 8.65160828e+002 4.82989288e+002
  5.30117371e+002 5.14533569e+002 5.65731812e+002 5.17033691e+002
  6.02280151e+002 5.16280212e+002 6.39649597e+002 5.17402344e+002
  6.76937439e+002 5.18460632e+002 7.14176453e+002 5.17636841e+002
  7.52388306e+002 5.20385010e+002 7.89598694e+002 5.20012024e+002
  8.27287598e+002 5.21354065e+002 8.65059753e+002 5.22775391e+002
  5.28140686e+002 5.52318848e+002 5.65354126e+002 5.53222656e+002
  6.01785217e+002 5.54343323e+002 6.39014038e+002 5.53939880e+002
  6.76132629e+002 5.55078430e+002 7.13680176e+002 5.56211548e+002
  7.50434204e+002 5.55970032e+002 7.87966553e+002 5.57634766e+002
  8.25381592e+002 5.59090332e+002 8.62948059e+002 5.58771606e+002
  5.27804749e+002 5.90170166e+002 5.64982971e+002 5.91180115e+002
  6.01304199e+002 5.90775085e+002 6.38376465e+002 5.92114197e+002
  6.75613403e+002 5.93493835e+002 7.13496277e+002 5.93353699e+002
  7.50679504e+002 5.95184326e+002 7.87877747e+002 5.95196594e+002
  8.24954773e+002 5.94946716e+002 8.62473938e+002 5.96591858e+002
  5.27380310e+002 6.27961182e+002 5.64627869e+002 6.27463196e+002
  6.01046448e+002 6.28961731e+002 6.38075256e+002 6.28770813e+002
  6.73857239e+002 6.30602539e+002 7.11870972e+002 6.30651123e+002
  7.48746033e+002 6.30818115e+002 7.87593689e+002 6.32596375e+002
  8.24533936e+002 6.34446472e+002 8.62043762e+002 6.34419434e+002
  5.26925842e+002 6.64168518e+002 5.62857849e+002 6.65773560e+002
  5.99286621e+002 6.65761230e+002 6.36282410e+002 6.65794983e+002
  6.73899231e+002 6.67764099e+002 7.11970154e+002 6.68055725e+002
  7.48713562e+002 6.70079346e+002 7.85343750e+002 6.70233215e+002
  8.22221619e+002 6.70333862e+002 8.59908997e+002 6.72431458e+002</projector>
</opencv_storage>
