<?xml version="1.0"?>
<opencv_storage>
<world>
  0. 0. 0. 48. 0. 0. 96. 0. 0. 144. 0. 0. 192. 0. 0. 240. 0. 0. 288. 0.
  0. 336. 0. 0. 384. 0. 0. 432. 0. 0. 0. 48. 0. 48. 48. 0. 96. 48. 0.
  144. 48. 0. 192. 48. 0. 240. 48. 0. 288. 48. 0. 336. 48. 0. 384. 48.
  0. 432. 48. 0. 0. 96. 0. 48. 96. 0. 96. 96. 0. 144. 96. 0. 192. 96. 0.
  240. 96. 0. 288. 96. 0. 336. 96. 0. 384. 96. 0. 432. 96. 0. 0. 144. 0.
  48. 144. 0. 96. 144. 0. 144. 144. 0. 192. 144. 0. 240. 144. 0. 288.
  144. 0. 336. 144. 0. 384. 144. 0. 432. 144. 0. 0. 192. 0. 48. 192. 0.
  96. 192. 0. 144. 192. 0. 192. 192. 0. 240. 192. 0. 288. 192. 0. 336.
  192. 0. 384. 192. 0. 432. 192. 0. 0. 240. 0. 48. 240. 0. 96. 240. 0.
  144. 240. 0. 192. 240. 0. 240. 240. 0. 288. 240. 0. 336. 240. 0. 384.
  240. 0. 432. 240. 0. 0. 288. 0. 48. 288. 0. 96. 288. 0. 144. 288. 0.
  192. 288. 0. 240. 288. 0. 288. 288. 0. 336. 288. 0. 384. 288. 0. 432.
  288. 0.</world>
<camera>
  4.94010132e+002 4.90699310e+002 5.24699097e+002 4.88156494e+002
  5.57083923e+002 4.85518616e+002 5.91641602e+002 4.83021362e+002
  6.29442139e+002 4.81097809e+002 6.69096069e+002 4.78213165e+002
  7.10193848e+002 4.75045227e+002 7.55144653e+002 4.71913025e+002
  8.02547546e+002 4.68843109e+002 8.53030029e+002 4.65214996e+002
  4.73738403e+002 5.32417847e+002 5.04600403e+002 5.30930054e+002
  5.37618713e+002 5.29845703e+002 5.72570557e+002 5.28722168e+002
  6.10757996e+002 5.27545349e+002 6.50387695e+002 5.25638672e+002
  6.92667480e+002 5.23848206e+002 7.38966309e+002 5.22695801e+002
  7.87597961e+002 5.21250244e+002 8.39386414e+002 5.19387390e+002
  4.52701385e+002 5.76272034e+002 4.83741486e+002 5.76703796e+002
  5.16927856e+002 5.76718689e+002 5.52712097e+002 5.76894897e+002
  5.91031799e+002 5.76974854e+002 6.30602417e+002 5.76628723e+002
  6.73956055e+002 5.76525024e+002 7.21418457e+002 5.77104431e+002
  7.71698303e+002 5.77679749e+002 8.24389771e+002 5.77505371e+002
  4.30134125e+002 6.23045349e+002 4.61565186e+002 6.24417297e+002
  4.95357910e+002 6.25857910e+002 5.31375366e+002 6.27420715e+002
  5.68407837e+002 6.28873413e+002 6.09297729e+002 6.30587219e+002
  6.55050049e+002 6.33078918e+002 7.02327637e+002 6.35311707e+002
  7.52939087e+002 6.37519409e+002 8.07888916e+002 6.40193604e+002
  4.06822815e+002 6.71740845e+002 4.38791443e+002 6.75135681e+002
  4.73214142e+002 6.78584656e+002 5.08934235e+002 6.82098755e+002
  5.47595520e+002 6.85885986e+002 5.88465454e+002 6.89540527e+002
  6.33423340e+002 6.94070251e+002 6.82456360e+002 6.98658630e+002
  7.34563965e+002 7.03585938e+002 7.90867188e+002 7.08775879e+002
  3.83662872e+002 7.24208130e+002 4.15705658e+002 7.29344910e+002
  4.49040222e+002 7.34621460e+002 4.85847595e+002 7.40325378e+002
  5.24249390e+002 7.46341736e+002 5.66357788e+002 7.52824036e+002
  6.10813599e+002 7.59474182e+002 6.61272888e+002 7.67304810e+002
  7.15231445e+002 7.75233459e+002 7.72826111e+002 7.83890625e+002
  3.59757324e+002 7.78862305e+002 3.92002716e+002 7.86436340e+002
  4.25730865e+002 7.93823853e+002 4.60636749e+002 8.01901611e+002
  4.98882935e+002 8.10460938e+002 5.42344360e+002 8.20112549e+002
  5.88112305e+002 8.30140503e+002 6.38390137e+002 8.40859436e+002
  6.93429871e+002 8.52499268e+002 7.53092712e+002 8.64990234e+002</camera>
<projector>
  1.52376190e+002 3.39727570e+002 2.13733307e+002 3.37991455e+002
  2.72407654e+002 3.37444092e+002 3.33505524e+002 3.36020325e+002
  3.94657471e+002 3.36045349e+002 4.57266327e+002 3.35126984e+002
  5.18729126e+002 3.34246185e+002 5.81949585e+002 3.33500885e+002
  6.46124756e+002 3.33349945e+002 7.08783875e+002 3.32013092e+002
  1.42159927e+002 3.91649445e+002 2.04359756e+002 3.90930939e+002
  2.65366852e+002 3.90858978e+002 3.27348022e+002 3.90321320e+002
  3.89701508e+002 3.89941223e+002 4.51251160e+002 3.88806793e+002
  5.15585693e+002 3.87659241e+002 5.79732178e+002 3.87864746e+002
  6.44296814e+002 3.87168243e+002 7.07799194e+002 3.86297119e+002
  1.32695602e+002 4.46043182e+002 1.94292618e+002 4.46779297e+002
  2.56823181e+002 4.46038147e+002 3.19668213e+002 4.45385986e+002
  3.83427338e+002 4.44753387e+002 4.47261841e+002 4.43980408e+002
  5.11655243e+002 4.43492035e+002 5.75694275e+002 4.43109497e+002
  6.42615234e+002 4.43763000e+002 7.06901855e+002 4.42876526e+002
  1.19427719e+002 5.03412170e+002 1.84582809e+002 5.02241211e+002
  2.47212723e+002 5.02313507e+002 3.11121002e+002 5.01185455e+002
  3.74639618e+002 5.01150269e+002 4.41123230e+002 5.00455963e+002
  5.07582916e+002 5.00601379e+002 5.72971191e+002 5.00281952e+002
  6.39771729e+002 5.00743439e+002 7.06278931e+002 5.00393890e+002
  1.09445084e+002 5.61603333e+002 1.74948715e+002 5.61225830e+002
  2.39163528e+002 5.62094482e+002 3.04877197e+002 5.61238464e+002
  3.70771210e+002 5.61374390e+002 4.35607178e+002 5.60836731e+002
  5.02289124e+002 5.60696045e+002 5.70134644e+002 5.61309082e+002
  6.38761658e+002 5.61343201e+002 7.06416016e+002 5.61075134e+002
  9.89029922e+001 6.22252319e+002 1.64676254e+002 6.22765320e+002
  2.30531876e+002 6.23162048e+002 2.96874176e+002 6.22678406e+002
  3.62749786e+002 6.22647400e+002 4.30613739e+002 6.23217529e+002
  4.98344666e+002 6.22133484e+002 5.66802673e+002 6.23444824e+002
  6.36107117e+002 6.23888611e+002 7.05788147e+002 6.24399048e+002
  8.79134216e+001 6.85820313e+002 1.54995361e+002 6.85945496e+002
  2.22981064e+002 6.86330139e+002 2.88903381e+002 6.86476379e+002
  3.55532654e+002 6.86120605e+002 4.24644348e+002 6.87410522e+002
  4.94276428e+002 6.87511108e+002 5.63295288e+002 6.88771118e+002
  6.33431091e+002 6.88664490e+002 7.04540161e+002 6.89668274e+002</projector>
</opencv_storage>
