<?xml version="1.0"?>
<opencv_storage>
<world>
  0. 0. 0. 24. 0. 0. 48. 0. 0. 72. 0. 0. 96. 0. 0. 120. 0. 0. 144. 0. 0.
  168. 0. 0. 192. 0. 0. 216. 0. 0. 0. 24. 0. 24. 24. 0. 48. 24. 0. 72.
  24. 0. 96. 24. 0. 120. 24. 0. 144. 24. 0. 168. 24. 0. 192. 24. 0. 216.
  24. 0. 0. 48. 0. 24. 48. 0. 48. 48. 0. 72. 48. 0. 96. 48. 0. 120. 48.
  0. 144. 48. 0. 168. 48. 0. 192. 48. 0. 216. 48. 0. 0. 72. 0. 24. 72.
  0. 48. 72. 0. 72. 72. 0. 96. 72. 0. 120. 72. 0. 144. 72. 0. 168. 72.
  0. 192. 72. 0. 216. 72. 0. 0. 96. 0. 24. 96. 0. 48. 96. 0. 72. 96. 0.
  96. 96. 0. 120. 96. 0. 144. 96. 0. 168. 96. 0. 192. 96. 0. 216. 96. 0.
  0. 120. 0. 24. 120. 0. 48. 120. 0. 72. 120. 0. 96. 120. 0. 120. 120.
  0. 144. 120. 0. 168. 120. 0. 192. 120. 0. 216. 120. 0. 0. 144. 0. 24.
  144. 0. 48. 144. 0. 72. 144. 0. 96. 144. 0. 120. 144. 0. 144. 144. 0.
  168. 144. 0. 192. 144. 0. 216. 144. 0.</world>
<camera>
  7.98656006e+002 4.52228302e+002 8.19248169e+002 4.52862427e+002
  8.39667419e+002 4.53402954e+002 8.60398499e+002 4.54374969e+002
  8.80640381e+002 4.55100616e+002 9.01332214e+002 4.55658356e+002
  9.21722046e+002 4.56594177e+002 9.42394409e+002 4.57342651e+002
  9.62615051e+002 4.58075073e+002 9.82914429e+002 4.59052490e+002
  7.97853943e+002 4.72725037e+002 8.18459106e+002 4.73290497e+002
  8.38977722e+002 4.73867615e+002 8.59524475e+002 4.74727325e+002
  8.80223877e+002 4.75415039e+002 9.00628296e+002 4.76217773e+002
  9.21285461e+002 4.76877136e+002 9.41575989e+002 4.77479126e+002
  9.62290833e+002 4.78556000e+002 9.82418884e+002 4.79362793e+002
  7.97211853e+002 4.93320007e+002 8.17575623e+002 4.93727936e+002
  8.38343628e+002 4.94516754e+002 8.58744263e+002 4.95307953e+002
  8.79360107e+002 4.95865082e+002 9.00132263e+002 4.96670563e+002
  9.20508728e+002 4.97355011e+002 9.40848633e+002 4.98275635e+002
  9.61490479e+002 4.98972595e+002 9.81689758e+002 4.99603119e+002
  7.96529114e+002 5.13621521e+002 8.16948792e+002 5.14349670e+002
  8.37528503e+002 5.15050415e+002 8.58316284e+002 5.15621582e+002
  8.78667175e+002 5.16487976e+002 8.99362244e+002 5.17233948e+002
  9.19848999e+002 5.17791565e+002 9.40478394e+002 5.18711792e+002
  9.60622498e+002 5.19450012e+002 9.81066101e+002 5.20285828e+002
  7.95634277e+002 5.34403564e+002 8.16318054e+002 5.34968140e+002
  8.36701416e+002 5.35514343e+002 8.57441406e+002 5.36394287e+002
  8.78153687e+002 5.37073242e+002 8.98628601e+002 5.37620850e+002
  9.19186523e+002 5.38545044e+002 9.39519348e+002 5.39326843e+002
  9.60180664e+002 5.39877014e+002 9.80472595e+002 5.40688660e+002
  7.94949890e+002 5.54820862e+002 8.15439453e+002 5.55462463e+002
  8.36223450e+002 5.56331665e+002 8.56564270e+002 5.56887085e+002
  8.77337280e+002 5.57573303e+002 8.97935242e+002 5.58469543e+002
  9.18498657e+002 5.59150696e+002 9.38776001e+002 5.59635376e+002
  9.59475342e+002 5.60531738e+002 9.79875488e+002 5.61252441e+002
  7.94309204e+002 5.75355713e+002 8.14775330e+002 5.76153442e+002
  8.35412048e+002 5.76749268e+002 8.56107727e+002 5.77480103e+002
  8.76570679e+002 5.78356079e+002 8.97293396e+002 5.78955750e+002
  9.17658142e+002 5.79542908e+002 9.38415405e+002 5.80513000e+002
  9.58609009e+002 5.81066711e+002 9.79203918e+002 5.81607178e+002</camera>
<projector>
  7.24510498e+002 3.06504608e+002 7.56536804e+002 3.04774536e+002
  7.91116577e+002 3.01371246e+002 8.24654297e+002 2.99936676e+002
  8.60057251e+002 2.98120789e+002 8.94216919e+002 2.96479767e+002
  9.30457092e+002 2.94447479e+002 9.65417358e+002 2.90900238e+002
  1.00281854e+003 2.88802307e+002 1.03923425e+003 2.87022522e+002
  7.23265259e+002 3.42826477e+002 7.55240601e+002 3.39562988e+002
  7.89725769e+002 3.38072937e+002 8.24968506e+002 3.36732056e+002
  8.58570801e+002 3.33600037e+002 8.94219788e+002 3.31842499e+002
  9.28590698e+002 3.30152832e+002 9.65434631e+002 3.26622742e+002
  1.00123907e+003 3.27030304e+002 1.03771265e+003 3.23666595e+002
  7.22115601e+002 3.77321594e+002 7.55446899e+002 3.75881073e+002
  7.88336914e+002 3.74781555e+002 8.23401855e+002 3.71946136e+002
  8.56998718e+002 3.70594025e+002 8.92341431e+002 3.69044464e+002
  9.28679626e+002 3.65703430e+002 9.64148865e+002 3.64661743e+002
  1.00006097e+003 3.63526947e+002 1.03821704e+003 3.62055084e+002
  7.22481812e+002 4.13498383e+002 7.54168579e+002 4.10691864e+002
  7.88457947e+002 4.09512512e+002 8.21889099e+002 4.08709015e+002
  8.56909973e+002 4.05660858e+002 8.90817139e+002 4.04533173e+002
  9.27512695e+002 4.03523773e+002 9.63202271e+002 4.02808380e+002
  1.00070166e+003 3.99900238e+002 1.03694275e+003 3.98651337e+002
  7.21099487e+002 4.47997772e+002 7.52821899e+002 4.46963135e+002
  7.87081055e+002 4.46049255e+002 8.20265015e+002 4.43588074e+002
  8.55500488e+002 4.42660553e+002 8.91408020e+002 4.41885040e+002
  9.26584106e+002 4.41378113e+002 9.63754028e+002 4.38879456e+002
  9.99271362e+002 4.38017761e+002 1.03533887e+003 4.37081787e+002
  7.19899475e+002 4.84180603e+002 7.51626770e+002 4.81726379e+002
  7.85821045e+002 4.81021820e+002 8.20678162e+002 4.80312866e+002
  8.54444641e+002 4.79951660e+002 8.90456299e+002 4.77668518e+002
  9.25523132e+002 4.77283875e+002 9.62505859e+002 4.76669464e+002
  9.97803467e+002 4.76154877e+002 1.03558301e+003 4.73446320e+002
  7.18626099e+002 5.18655396e+002 7.52262085e+002 5.18166809e+002
  7.84921814e+002 5.17857910e+002 8.19716431e+002 5.15743835e+002
  8.55232605e+002 5.15341431e+002 8.89538818e+002 5.15213989e+002
  9.26166138e+002 5.14876221e+002 9.61095886e+002 5.14576111e+002
  9.98166809e+002 5.12243286e+002 1.03433264e+003 5.12052856e+002</projector>
</opencv_storage>
