<?xml version="1.0"?>
<opencv_storage>
<world>
  0. 0. 0. 24. 0. 0. 48. 0. 0. 72. 0. 0. 96. 0. 0. 120. 0. 0. 144. 0. 0.
  168. 0. 0. 192. 0. 0. 216. 0. 0. 0. 24. 0. 24. 24. 0. 48. 24. 0. 72.
  24. 0. 96. 24. 0. 120. 24. 0. 144. 24. 0. 168. 24. 0. 192. 24. 0. 216.
  24. 0. 0. 48. 0. 24. 48. 0. 48. 48. 0. 72. 48. 0. 96. 48. 0. 120. 48.
  0. 144. 48. 0. 168. 48. 0. 192. 48. 0. 216. 48. 0. 0. 72. 0. 24. 72.
  0. 48. 72. 0. 72. 72. 0. 96. 72. 0. 120. 72. 0. 144. 72. 0. 168. 72.
  0. 192. 72. 0. 216. 72. 0. 0. 96. 0. 24. 96. 0. 48. 96. 0. 72. 96. 0.
  96. 96. 0. 120. 96. 0. 144. 96. 0. 168. 96. 0. 192. 96. 0. 216. 96. 0.
  0. 120. 0. 24. 120. 0. 48. 120. 0. 72. 120. 0. 96. 120. 0. 120. 120.
  0. 144. 120. 0. 168. 120. 0. 192. 120. 0. 216. 120. 0. 0. 144. 0. 24.
  144. 0. 48. 144. 0. 72. 144. 0. 96. 144. 0. 120. 144. 0. 144. 144. 0.
  168. 144. 0. 192. 144. 0. 216. 144. 0.</world>
<camera>
  1.13626318e+003 2.37965729e+002 1.15921436e+003 2.44310349e+002
  1.18139673e+003 2.50791901e+002 1.20280469e+003 2.57267029e+002
  1.22426135e+003 2.63392242e+002 1.24496777e+003 2.69451324e+002
  1.26491943e+003 2.75564758e+002 1.28443481e+003 2.81354584e+002
  1.30347168e+003 2.87234375e+002 1.32194592e+003 2.92818390e+002
  1.13805652e+003 2.65402649e+002 1.16148547e+003 2.71487762e+002
  1.18377722e+003 2.77617157e+002 1.20562244e+003 2.83672302e+002
  1.22704431e+003 2.89604004e+002 1.24770471e+003 2.95421448e+002
  1.26776489e+003 3.01173950e+002 1.28723291e+003 3.06887604e+002
  1.30630432e+003 3.12441162e+002 1.32458350e+003 3.18027863e+002
  1.14028467e+003 2.93471924e+002 1.16448462e+003 2.98804199e+002
  1.18728259e+003 3.04504150e+002 1.20946252e+003 3.10180115e+002
  1.23086963e+003 3.15770935e+002 1.25191235e+003 3.21319611e+002
  1.27216980e+003 3.26795593e+002 1.29158472e+003 3.32263275e+002
  1.31047290e+003 3.37648529e+002 1.32848157e+003 3.43071930e+002
  1.14209692e+003 3.21867096e+002 1.16623279e+003 3.27157684e+002
  1.18914551e+003 3.32426422e+002 1.21183191e+003 3.37659485e+002
  1.23371448e+003 3.42878876e+002 1.25454431e+003 3.48203461e+002
  1.27449805e+003 3.53472015e+002 1.29354822e+003 3.58825531e+002
  1.31284167e+003 3.63763306e+002 1.33107288e+003 3.68880646e+002
  1.14334827e+003 3.51060089e+002 1.16727307e+003 3.56062103e+002
  1.19069885e+003 3.60857452e+002 1.21340649e+003 3.65871582e+002
  1.23558191e+003 3.70750610e+002 1.25615881e+003 3.75833313e+002
  1.27553125e+003 3.81082672e+002 1.29466138e+003 3.85860779e+002
  1.31353528e+003 3.90744507e+002 1.33210010e+003 3.95346191e+002
  1.14522131e+003 3.80269104e+002 1.16970483e+003 3.84899170e+002
  1.19266516e+003 3.89688049e+002 1.21464355e+003 3.94538391e+002
  1.23635132e+003 3.99336090e+002 1.25734985e+003 4.03958557e+002
  1.27690149e+003 4.08661194e+002 1.29651099e+003 4.13243805e+002
  1.31648682e+003 4.17333435e+002 1.33501550e+003 4.21630859e+002
  1.14638403e+003 4.10340027e+002 1.17031116e+003 4.14679016e+002
  1.19332166e+003 4.19205200e+002 1.21562878e+003 4.23679657e+002
  1.23732568e+003 4.28058533e+002 1.25831287e+003 4.32414856e+002
  1.27858630e+003 4.36606903e+002 1.29850024e+003 4.40666687e+002
  1.31803149e+003 4.44678436e+002 1.33664331e+003 4.48471954e+002</camera>
<projector>
  1.01186957e+003 1.23764198e+002 1.04303271e+003 1.26416214e+002
  1.07366162e+003 1.30500687e+002 1.10516736e+003 1.33329178e+002
  1.13548364e+003 1.36330612e+002 1.16653064e+003 1.39272491e+002
  1.19661108e+003 1.43822403e+002 1.22624341e+003 1.45946106e+002
  1.25650256e+003 1.49264114e+002 1.28709583e+003 1.52720108e+002
  1.01105603e+003 1.55222214e+002 1.04198132e+003 1.58181290e+002
  1.07372705e+003 1.62352997e+002 1.10481982e+003 1.65313385e+002
  1.13507935e+003 1.68640793e+002 1.16612866e+003 1.70611267e+002
  1.19643750e+003 1.74088806e+002 1.22563831e+003 1.77673264e+002
  1.25595862e+003 1.80097580e+002 1.28669934e+003 1.83761047e+002
  1.01032562e+003 1.87342545e+002 1.04199854e+003 1.90329468e+002
  1.07348975e+003 1.93647461e+002 1.10433484e+003 1.95674484e+002
  1.13586780e+003 1.99055939e+002 1.16669885e+003 2.01342834e+002
  1.19699353e+003 2.05054367e+002 1.22813110e+003 2.07487595e+002
  1.25648193e+003 2.11737747e+002 1.28630664e+003 2.14305344e+002
  1.00979041e+003 2.19965088e+002 1.04145374e+003 2.22226929e+002
  1.07273145e+003 2.24474258e+002 1.10457410e+003 2.28015121e+002
  1.13571338e+003 2.30412918e+002 1.16676465e+003 2.33055588e+002
  1.19570056e+003 2.35767334e+002 1.22680017e+003 2.39938019e+002
  1.25696057e+003 2.42811783e+002 1.28656030e+003 2.46050873e+002
  1.00820563e+003 2.52277542e+002 1.03981348e+003 2.54764954e+002
  1.07215979e+003 2.57253632e+002 1.10261096e+003 2.59924988e+002
  1.13519348e+003 2.62601990e+002 1.16470654e+003 2.65523560e+002
  1.19548657e+003 2.68611267e+002 1.22494690e+003 2.71883911e+002
  1.25491162e+003 2.74982361e+002 1.28397620e+003 2.77225525e+002
  1.00788824e+003 2.84010376e+002 1.04064624e+003 2.86734009e+002
  1.07175476e+003 2.89534637e+002 1.10238647e+003 2.92605865e+002
  1.13241846e+003 2.94626434e+002 1.16309656e+003 2.97915894e+002
  1.19355920e+003 3.01142761e+002 1.22451746e+003 3.03300812e+002
  1.25407434e+003 3.05679993e+002 1.28443567e+003 3.09348999e+002
  1.00662860e+003 3.16588501e+002 1.03818860e+003 3.19588898e+002
  1.06930957e+003 3.21669128e+002 1.10124426e+003 3.24911438e+002
  1.13104810e+003 3.27266144e+002 1.16182898e+003 3.29629120e+002
  1.19327100e+003 3.33121674e+002 1.22380334e+003 3.35644470e+002
  1.25346301e+003 3.38260223e+002 1.28403784e+003 3.39817993e+002</projector>
</opencv_storage>
