<?xml version="1.0"?>
<opencv_storage>
<world>
  0. 0. 0. 48. 0. 0. 96. 0. 0. 144. 0. 0. 192. 0. 0. 240. 0. 0. 288. 0.
  0. 336. 0. 0. 384. 0. 0. 432. 0. 0. 0. 48. 0. 48. 48. 0. 96. 48. 0.
  144. 48. 0. 192. 48. 0. 240. 48. 0. 288. 48. 0. 336. 48. 0. 384. 48.
  0. 432. 48. 0. 0. 96. 0. 48. 96. 0. 96. 96. 0. 144. 96. 0. 192. 96. 0.
  240. 96. 0. 288. 96. 0. 336. 96. 0. 384. 96. 0. 432. 96. 0. 0. 144. 0.
  48. 144. 0. 96. 144. 0. 144. 144. 0. 192. 144. 0. 240. 144. 0. 288.
  144. 0. 336. 144. 0. 384. 144. 0. 432. 144. 0. 0. 192. 0. 48. 192. 0.
  96. 192. 0. 144. 192. 0. 192. 192. 0. 240. 192. 0. 288. 192. 0. 336.
  192. 0. 384. 192. 0. 432. 192. 0. 0. 240. 0. 48. 240. 0. 96. 240. 0.
  144. 240. 0. 192. 240. 0. 240. 240. 0. 288. 240. 0. 336. 240. 0. 384.
  240. 0. 432. 240. 0. 0. 288. 0. 48. 288. 0. 96. 288. 0. 144. 288. 0.
  192. 288. 0. 240. 288. 0. 288. 288. 0. 336. 288. 0. 384. 288. 0. 432.
  288. 0.</world>
<camera>
  1.94718170e+002 3.43042603e+002 2.77377655e+002 3.43983917e+002
  3.63066681e+002 3.44760803e+002 4.51708252e+002 3.46898132e+002
  5.43162537e+002 3.49554993e+002 6.34405090e+002 3.52556335e+002
  7.24502747e+002 3.55202942e+002 8.15037903e+002 3.58864258e+002
  9.03516357e+002 3.62413788e+002 9.90581299e+002 3.65858063e+002
  1.80939468e+002 4.30119354e+002 2.63972473e+002 4.31116394e+002
  3.51748291e+002 4.33152527e+002 4.41712402e+002 4.34909424e+002
  5.34932434e+002 4.37467438e+002 6.27182068e+002 4.39751892e+002
  7.19176636e+002 4.42440308e+002 8.11331726e+002 4.45410217e+002
  9.01049500e+002 4.48620056e+002 9.89440308e+002 4.51266113e+002
  1.67921814e+002 5.19626160e+002 2.52261673e+002 5.21803528e+002
  3.40404419e+002 5.24065430e+002 4.32810852e+002 5.26534302e+002
  5.26490173e+002 5.28556519e+002 6.19980652e+002 5.30319397e+002
  7.13644897e+002 5.32265686e+002 8.07154053e+002 5.34758057e+002
  8.98450256e+002 5.37280701e+002 9.88120728e+002 5.39526611e+002
  1.55043213e+002 6.12534485e+002 2.40442795e+002 6.14646118e+002
  3.30398773e+002 6.16867859e+002 4.22694153e+002 6.18849976e+002
  5.16841309e+002 6.21026733e+002 6.11764893e+002 6.22828308e+002
  7.08445496e+002 6.25197937e+002 8.02765991e+002 6.26790833e+002
  8.95633057e+002 6.28503662e+002 9.87082275e+002 6.30454651e+002
  1.43951706e+002 7.06237305e+002 2.30821335e+002 7.10121155e+002
  3.22042633e+002 7.12965515e+002 4.14160309e+002 7.15453735e+002
  5.09857758e+002 7.17922729e+002 6.05567627e+002 7.19724548e+002
  7.02355042e+002 7.21067505e+002 7.98643494e+002 7.21721252e+002
  8.92638611e+002 7.23214294e+002 9.85758667e+002 7.24427124e+002
  1.36591904e+002 8.02573120e+002 2.24160156e+002 8.06745361e+002
  3.13885590e+002 8.10932983e+002 4.06778961e+002 8.13920898e+002
  5.02441193e+002 8.16743713e+002 5.99778931e+002 8.18508911e+002
  6.96620972e+002 8.20262146e+002 7.94179565e+002 8.20204285e+002
  8.90049683e+002 8.20325867e+002 9.84002991e+002 8.21245667e+002
  1.31294876e+002 8.98474426e+002 2.19263092e+002 9.04065125e+002
  3.09237823e+002 9.09067566e+002 3.99784851e+002 9.13721741e+002
  4.95498108e+002 9.17506104e+002 5.93886230e+002 9.18836853e+002
  6.91961304e+002 9.20444275e+002 7.89790527e+002 9.20780212e+002
  8.86774597e+002 9.20373718e+002 9.82213989e+002 9.20284180e+002</camera>
<projector>
  2.73899445e+002 1.20528610e+002 3.65345398e+002 1.36951859e+002
  4.52652344e+002 1.51553986e+002 5.34889404e+002 1.66718628e+002
  6.12531860e+002 1.81174316e+002 6.86844238e+002 1.94125977e+002
  7.58935852e+002 2.05968185e+002 8.26710876e+002 2.18730530e+002
  8.91622437e+002 2.30156219e+002 9.53009155e+002 2.41971863e+002
  2.73197937e+002 2.12068344e+002 3.65058655e+002 2.24531219e+002
  4.51728699e+002 2.38504227e+002 5.34615845e+002 2.50611435e+002
  6.12483215e+002 2.62315125e+002 6.87630615e+002 2.74011993e+002
  7.58707825e+002 2.83980774e+002 8.26537964e+002 2.94681976e+002
  8.90914185e+002 3.05681580e+002 9.52469421e+002 3.14262024e+002
  2.72026520e+002 3.04201508e+002 3.63837952e+002 3.14987610e+002
  4.51006775e+002 3.25138947e+002 5.34100586e+002 3.36432892e+002
  6.12300110e+002 3.45859039e+002 6.87863159e+002 3.53904297e+002
  7.59510437e+002 3.62627838e+002 8.26278564e+002 3.71851288e+002
  8.90404236e+002 3.79999451e+002 9.52678528e+002 3.88286133e+002
  2.71367432e+002 3.96255737e+002 3.63404633e+002 4.04040222e+002
  4.50728058e+002 4.11652496e+002 5.33619690e+002 4.19260315e+002
  6.12518005e+002 4.26508026e+002 6.87960144e+002 4.33818909e+002
  7.58199402e+002 4.41606476e+002 8.26777283e+002 4.48612457e+002
  8.91736206e+002 4.55089203e+002 9.53136230e+002 4.60802002e+002
  2.71457184e+002 4.87089508e+002 3.63787384e+002 4.93175812e+002
  4.51093933e+002 4.98976624e+002 5.32931152e+002 5.04014343e+002
  6.12031494e+002 5.10129272e+002 6.87503723e+002 5.15478027e+002
  7.58534607e+002 5.20195862e+002 8.26373840e+002 5.25473145e+002
  8.91263245e+002 5.30011841e+002 9.53191772e+002 5.34539368e+002
  2.72924133e+002 5.80407104e+002 3.63974792e+002 5.83280457e+002
  4.51499298e+002 5.86089478e+002 5.32339355e+002 5.89645996e+002
  6.11028870e+002 5.93180176e+002 6.86229736e+002 5.96794861e+002
  7.58320068e+002 5.99433105e+002 8.25262573e+002 6.02531433e+002
  8.89864075e+002 6.05362671e+002 9.51951111e+002 6.08371704e+002
  2.71738556e+002 6.71331238e+002 3.63423737e+002 6.72719360e+002
  4.50967896e+002 6.73587708e+002 5.31836670e+002 6.74945801e+002
  6.10766663e+002 6.76334534e+002 6.85392883e+002 6.77270935e+002
  7.57016235e+002 6.78154175e+002 8.24594360e+002 6.79968262e+002
  8.89044922e+002 6.80900940e+002 9.50635132e+002 6.81987427e+002</projector>
</opencv_storage>
