<?xml version="1.0"?>
<opencv_storage>
<world>
  0. 0. 0. 24. 0. 0. 48. 0. 0. 72. 0. 0. 96. 0. 0. 120. 0. 0. 144. 0. 0.
  168. 0. 0. 192. 0. 0. 216. 0. 0. 0. 24. 0. 24. 24. 0. 48. 24. 0. 72.
  24. 0. 96. 24. 0. 120. 24. 0. 144. 24. 0. 168. 24. 0. 192. 24. 0. 216.
  24. 0. 0. 48. 0. 24. 48. 0. 48. 48. 0. 72. 48. 0. 96. 48. 0. 120. 48.
  0. 144. 48. 0. 168. 48. 0. 192. 48. 0. 216. 48. 0. 0. 72. 0. 24. 72.
  0. 48. 72. 0. 72. 72. 0. 96. 72. 0. 120. 72. 0. 144. 72. 0. 168. 72.
  0. 192. 72. 0. 216. 72. 0. 0. 96. 0. 24. 96. 0. 48. 96. 0. 72. 96. 0.
  96. 96. 0. 120. 96. 0. 144. 96. 0. 168. 96. 0. 192. 96. 0. 216. 96. 0.
  0. 120. 0. 24. 120. 0. 48. 120. 0. 72. 120. 0. 96. 120. 0. 120. 120.
  0. 144. 120. 0. 168. 120. 0. 192. 120. 0. 216. 120. 0. 0. 144. 0. 24.
  144. 0. 48. 144. 0. 72. 144. 0. 96. 144. 0. 120. 144. 0. 144. 144. 0.
  168. 144. 0. 192. 144. 0. 216. 144. 0.</world>
<camera>
  5.33793213e+002 5.31554626e+002 5.54895813e+002 5.32588135e+002
  5.75452393e+002 5.33507874e+002 5.95585449e+002 5.34537354e+002
  6.15852478e+002 5.35444092e+002 6.35831238e+002 5.36541077e+002
  6.55693542e+002 5.37376465e+002 6.75423645e+002 5.38348450e+002
  6.94834961e+002 5.39330750e+002 7.13639832e+002 5.40271118e+002
  5.33020386e+002 5.53872864e+002 5.54139160e+002 5.54784424e+002
  5.74707825e+002 5.55481079e+002 5.94842590e+002 5.56426270e+002
  6.15180847e+002 5.57304382e+002 6.35386780e+002 5.58066284e+002
  6.55451843e+002 5.58817932e+002 6.75157715e+002 5.59583008e+002
  6.94384338e+002 5.60512512e+002 7.13018250e+002 5.61313293e+002
  5.32017395e+002 5.76345337e+002 5.53483704e+002 5.76906006e+002
  5.74023071e+002 5.77534973e+002 5.94288025e+002 5.78432190e+002
  6.14529358e+002 5.79021973e+002 6.35018188e+002 5.79656494e+002
  6.54988037e+002 5.80439087e+002 6.73903625e+002 5.80994080e+002
  6.93281433e+002 5.81617676e+002 7.12413330e+002 5.82450562e+002
  5.31357971e+002 5.98549500e+002 5.52606506e+002 5.99210266e+002
  5.73399841e+002 5.99572693e+002 5.93536743e+002 6.00318787e+002
  6.14093201e+002 6.00777100e+002 6.34452637e+002 6.01353455e+002
  6.53951782e+002 6.01758301e+002 6.72837769e+002 6.02363892e+002
  6.92326355e+002 6.02760925e+002 7.11462097e+002 6.03347595e+002
  5.30545105e+002 6.20750671e+002 5.51831482e+002 6.21249756e+002
  5.72738037e+002 6.21672913e+002 5.93245728e+002 6.22226807e+002
  6.13602478e+002 6.22627869e+002 6.33538513e+002 6.23007385e+002
  6.52882874e+002 6.23341492e+002 6.72213318e+002 6.23542114e+002
  6.91363281e+002 6.24006775e+002 7.10581482e+002 6.24432922e+002
  5.29940491e+002 6.43001770e+002 5.51380676e+002 6.43428711e+002
  5.72124878e+002 6.43599060e+002 5.92607544e+002 6.44081848e+002
  6.12654480e+002 6.44357361e+002 6.32675720e+002 6.44542297e+002
  6.51967834e+002 6.44718811e+002 6.71463074e+002 6.44857544e+002
  6.91367859e+002 6.45261414e+002 7.10490173e+002 6.45382446e+002
  5.29480164e+002 6.65267273e+002 5.50473572e+002 6.65408203e+002
  5.71247131e+002 6.65576416e+002 5.91563721e+002 6.65682617e+002
  6.11676025e+002 6.65902039e+002 6.31540039e+002 6.66074768e+002
  6.51312866e+002 6.66149231e+002 6.70898865e+002 6.66300598e+002
  6.90574463e+002 6.66437866e+002 7.09558411e+002 6.66442993e+002</camera>
<projector>
  2.41792419e+002 4.43849396e+002 2.78993500e+002 4.45543762e+002
  3.15014801e+002 4.47419189e+002 3.53318176e+002 4.49443420e+002
  3.89638824e+002 4.49742371e+002 4.26176971e+002 4.53314392e+002
  4.62710846e+002 4.53509430e+002 4.97551880e+002 4.55330566e+002
  5.34814453e+002 4.57200806e+002 5.70629822e+002 4.59304657e+002
  2.40512894e+002 4.79878174e+002 2.77461731e+002 4.81657074e+002
  3.15265625e+002 4.82033417e+002 3.51861267e+002 4.84129730e+002
  3.88141968e+002 4.86217255e+002 4.24403503e+002 4.88134766e+002
  4.60693970e+002 4.89987457e+002 4.97681427e+002 4.92090790e+002
  5.33307739e+002 4.94294617e+002 5.69011902e+002 4.94796326e+002
  2.39083420e+002 5.15915527e+002 2.75875946e+002 5.17793030e+002
  3.13571381e+002 5.19938171e+002 3.50076172e+002 5.20468872e+002
  3.88073273e+002 5.22598694e+002 4.24105377e+002 5.24556885e+002
  4.60770630e+002 5.25000305e+002 4.96266602e+002 5.27296875e+002
  5.32123840e+002 5.29775269e+002 5.67757813e+002 5.30363403e+002
  2.37580811e+002 5.53662476e+002 2.76056458e+002 5.54022339e+002
  3.11789917e+002 5.56124573e+002 3.50104309e+002 5.56823608e+002
  3.86038269e+002 5.58950256e+002 4.22336487e+002 5.59452637e+002
  4.59526581e+002 5.61945862e+002 4.95421570e+002 5.62847717e+002
  5.30843140e+002 5.65336792e+002 5.66461487e+002 5.65886169e+002
  2.37711975e+002 5.89852356e+002 2.74371429e+002 5.90222412e+002
  3.11820862e+002 5.92503906e+002 3.48016022e+002 5.93137268e+002
  3.86026184e+002 5.95463684e+002 4.22677155e+002 5.96251465e+002
  4.58410065e+002 5.97358154e+002 4.94011963e+002 5.99965637e+002
  5.29253967e+002 6.00709595e+002 5.66580505e+002 6.01506714e+002
  2.35857483e+002 6.26000244e+002 2.72734497e+002 6.26534790e+002
  3.10179352e+002 6.28929260e+002 3.48196747e+002 6.29734985e+002
  3.84683685e+002 6.30706360e+002 4.21567352e+002 6.33410461e+002
  4.57038330e+002 6.34444641e+002 4.92441437e+002 6.35302795e+002
  5.29257507e+002 6.36185730e+002 5.64722107e+002 6.37050354e+002
  2.33997513e+002 6.62300171e+002 2.71179230e+002 6.63078003e+002
  3.08824768e+002 6.65626160e+002 3.46852142e+002 6.66640503e+002
  3.83413849e+002 6.67605896e+002 4.20335602e+002 6.68688477e+002
  4.55648438e+002 6.69778503e+002 4.92457123e+002 6.70833679e+002
  5.29463806e+002 6.71695801e+002 5.64992737e+002 6.72851501e+002</projector>
</opencv_storage>
