<?xml version="1.0"?>
<opencv_storage>
<world>
  0. 0. 0. 24. 0. 0. 48. 0. 0. 72. 0. 0. 96. 0. 0. 120. 0. 0. 144. 0. 0.
  168. 0. 0. 192. 0. 0. 216. 0. 0. 0. 24. 0. 24. 24. 0. 48. 24. 0. 72.
  24. 0. 96. 24. 0. 120. 24. 0. 144. 24. 0. 168. 24. 0. 192. 24. 0. 216.
  24. 0. 0. 48. 0. 24. 48. 0. 48. 48. 0. 72. 48. 0. 96. 48. 0. 120. 48.
  0. 144. 48. 0. 168. 48. 0. 192. 48. 0. 216. 48. 0. 0. 72. 0. 24. 72.
  0. 48. 72. 0. 72. 72. 0. 96. 72. 0. 120. 72. 0. 144. 72. 0. 168. 72.
  0. 192. 72. 0. 216. 72. 0. 0. 96. 0. 24. 96. 0. 48. 96. 0. 72. 96. 0.
  96. 96. 0. 120. 96. 0. 144. 96. 0. 168. 96. 0. 192. 96. 0. 216. 96. 0.
  0. 120. 0. 24. 120. 0. 48. 120. 0. 72. 120. 0. 96. 120. 0. 120. 120.
  0. 144. 120. 0. 168. 120. 0. 192. 120. 0. 216. 120. 0. 0. 144. 0. 24.
  144. 0. 48. 144. 0. 72. 144. 0. 96. 144. 0. 120. 144. 0. 144. 144. 0.
  168. 144. 0. 192. 144. 0. 216. 144. 0.</world>
<camera>
  7.72217163e+002 2.54783340e+002 8.00551758e+002 2.58488373e+002
  8.28522156e+002 2.62403564e+002 8.56084900e+002 2.66459137e+002
  8.83378967e+002 2.70301544e+002 9.10509827e+002 2.74149078e+002
  9.36904541e+002 2.78156189e+002 9.63050964e+002 2.82102539e+002
  9.88754944e+002 2.86076050e+002 1.01425238e+003 2.90116608e+002
  7.71287720e+002 2.82245972e+002 8.00009888e+002 2.85593353e+002
  8.28189819e+002 2.89378204e+002 8.56033447e+002 2.93142578e+002
  8.83539001e+002 2.96752899e+002 9.10661316e+002 3.00549164e+002
  9.37393433e+002 3.04431000e+002 9.63587830e+002 3.08363159e+002
  9.89495789e+002 3.12194214e+002 1.01475244e+003 3.16138000e+002
  7.70595886e+002 3.09980774e+002 7.99755066e+002 3.13021729e+002
  8.28437500e+002 3.16347107e+002 8.56619507e+002 3.19759827e+002
  8.84424622e+002 3.23390717e+002 9.11857483e+002 3.26871826e+002
  9.38757019e+002 3.30494385e+002 9.65163757e+002 3.34300140e+002
  9.91132202e+002 3.38099060e+002 1.01653687e+003 3.42078766e+002
  7.69645996e+002 3.38379913e+002 7.99105347e+002 3.41337769e+002
  8.27772217e+002 3.44462067e+002 8.56513306e+002 3.47556549e+002
  8.84557678e+002 3.50780579e+002 9.12208008e+002 3.54369659e+002
  9.39047546e+002 3.57902222e+002 9.65269836e+002 3.61626221e+002
  9.91691101e+002 3.65116974e+002 1.01707056e+003 3.68691986e+002
  7.68716553e+002 3.67307648e+002 7.98275146e+002 3.70201935e+002
  8.27331116e+002 3.73057526e+002 8.55947083e+002 3.76102814e+002
  8.84400391e+002 3.79190796e+002 9.11730713e+002 3.82584595e+002
  9.38534424e+002 3.86197876e+002 9.64872803e+002 3.89575806e+002
  9.91002808e+002 3.93030334e+002 1.01676770e+003 3.96280609e+002
  7.68164551e+002 3.96308441e+002 7.97695801e+002 3.98970825e+002
  8.26824341e+002 4.01815521e+002 8.55367249e+002 4.05086060e+002
  8.83429565e+002 4.08120117e+002 9.11415771e+002 4.11273804e+002
  9.38420715e+002 4.14538727e+002 9.65048767e+002 4.17634857e+002
  9.92050354e+002 4.20541565e+002 1.01790137e+003 4.23490906e+002
  7.67092773e+002 4.25884491e+002 7.96620300e+002 4.28658417e+002
  8.25753235e+002 4.31403412e+002 8.54564148e+002 4.34391754e+002
  8.82850830e+002 4.37278290e+002 9.10728333e+002 4.40204468e+002
  9.38377869e+002 4.43175964e+002 9.65293213e+002 4.45917114e+002
  9.92114136e+002 4.48811005e+002 1.01827460e+003 4.51503998e+002</camera>
<projector>
  6.55409729e+002 1.83746094e+002 6.86218079e+002 1.84023209e+002
  7.16549133e+002 1.85465729e+002 7.46009033e+002 1.86998352e+002
  7.75663086e+002 1.88424316e+002 8.06744385e+002 1.89684219e+002
  8.36197815e+002 1.91096329e+002 8.66029785e+002 1.92439240e+002
  8.96273438e+002 1.93727951e+002 9.25855286e+002 1.95037460e+002
  6.54239502e+002 2.13046906e+002 6.84698792e+002 2.14699921e+002
  7.14784241e+002 2.15327469e+002 7.45062195e+002 2.16686478e+002
  7.75536377e+002 2.18288956e+002 8.05369873e+002 2.19758698e+002
  8.34709412e+002 2.20288757e+002 8.65471375e+002 2.21623428e+002
  8.94429016e+002 2.23253204e+002 9.25123108e+002 2.24622925e+002
  6.54117737e+002 2.43027237e+002 6.84112549e+002 2.43670334e+002
  7.13802063e+002 2.44426758e+002 7.44815918e+002 2.46031906e+002
  7.74083130e+002 2.46732361e+002 8.04807800e+002 2.48296509e+002
  8.35023865e+002 2.48893326e+002 8.64582581e+002 2.50523514e+002
  8.94602783e+002 2.52255371e+002 9.25480957e+002 2.53759415e+002
  6.52983582e+002 2.72589081e+002 6.82887085e+002 2.73442932e+002
  7.13283142e+002 2.74196564e+002 7.44012207e+002 2.76062805e+002
  7.73981384e+002 2.76780273e+002 8.03575439e+002 2.77553864e+002
  8.33761963e+002 2.79340302e+002 8.63306580e+002 2.81279053e+002
  8.94269836e+002 2.81894592e+002 9.23767395e+002 2.83861115e+002
  6.51926392e+002 3.02711273e+002 6.81916443e+002 3.04002350e+002
  7.11799255e+002 3.04742340e+002 7.42447266e+002 3.05691101e+002
  7.72314941e+002 3.06597504e+002 8.02924927e+002 3.08576202e+002
  8.33187500e+002 3.09489136e+002 8.62517639e+002 3.11603790e+002
  8.92151428e+002 3.12524231e+002 9.22479797e+002 3.13525421e+002
  6.50893982e+002 3.32638000e+002 6.81337708e+002 3.33752686e+002
  7.11503235e+002 3.34846344e+002 7.41035400e+002 3.35939545e+002
  7.70901917e+002 3.37066071e+002 8.01293335e+002 3.38244843e+002
  8.31180969e+002 3.40393250e+002 8.61470825e+002 3.41507385e+002
  8.91878906e+002 3.42633972e+002 9.22095581e+002 3.42685974e+002
  6.49857422e+002 3.63071350e+002 6.80246826e+002 3.64246490e+002
  7.10458984e+002 3.64552429e+002 7.40849060e+002 3.65946075e+002
  7.70571838e+002 3.67220612e+002 8.00912537e+002 3.68519135e+002
  8.30387207e+002 3.69842987e+002 8.60466309e+002 3.71141846e+002
  8.90791748e+002 3.72453674e+002 9.20724182e+002 3.73855194e+002</projector>
</opencv_storage>
