<?xml version="1.0"?>
<opencv_storage>
<world>
  0. 0. 0. 48. 0. 0. 96. 0. 0. 144. 0. 0. 192. 0. 0. 240. 0. 0. 288. 0.
  0. 336. 0. 0. 384. 0. 0. 432. 0. 0. 0. 48. 0. 48. 48. 0. 96. 48. 0.
  144. 48. 0. 192. 48. 0. 240. 48. 0. 288. 48. 0. 336. 48. 0. 384. 48.
  0. 432. 48. 0. 0. 96. 0. 48. 96. 0. 96. 96. 0. 144. 96. 0. 192. 96. 0.
  240. 96. 0. 288. 96. 0. 336. 96. 0. 384. 96. 0. 432. 96. 0. 0. 144. 0.
  48. 144. 0. 96. 144. 0. 144. 144. 0. 192. 144. 0. 240. 144. 0. 288.
  144. 0. 336. 144. 0. 384. 144. 0. 432. 144. 0. 0. 192. 0. 48. 192. 0.
  96. 192. 0. 144. 192. 0. 192. 192. 0. 240. 192. 0. 288. 192. 0. 336.
  192. 0. 384. 192. 0. 432. 192. 0. 0. 240. 0. 48. 240. 0. 96. 240. 0.
  144. 240. 0. 192. 240. 0. 240. 240. 0. 288. 240. 0. 336. 240. 0. 384.
  240. 0. 432. 240. 0. 0. 288. 0. 48. 288. 0. 96. 288. 0. 144. 288. 0.
  192. 288. 0. 240. 288. 0. 288. 288. 0. 336. 288. 0. 384. 288. 0. 432.
  288. 0.</world>
<camera>
  4.44431458e+002 3.37449585e+002 5.37925720e+002 3.40425476e+002
  6.32171753e+002 3.43746429e+002 7.25119629e+002 3.47236450e+002
  8.17737732e+002 3.51763672e+002 9.08287903e+002 3.55501953e+002
  9.97628540e+002 3.58620331e+002 1.08623438e+003 3.62547668e+002
  1.17290405e+003 3.66186218e+002 1.25828394e+003 3.70151489e+002
  4.31255554e+002 4.27061584e+002 5.26873596e+002 4.29689453e+002
  6.23431335e+002 4.32856842e+002 7.19206360e+002 4.36220734e+002
  8.13578003e+002 4.39486176e+002 9.06137207e+002 4.42151642e+002
  9.97298889e+002 4.45195679e+002 1.08769739e+003 4.48271942e+002
  1.17577222e+003 4.51776794e+002 1.26302625e+003 4.54874146e+002
  4.17616486e+002 5.21020325e+002 5.15915466e+002 5.23460999e+002
  6.14370667e+002 5.26221130e+002 7.12635498e+002 5.28698975e+002
  8.09234131e+002 5.31058228e+002 9.03754395e+002 5.33132324e+002
  9.97048096e+002 5.35251953e+002 1.08885583e+003 5.38328918e+002
  1.17888037e+003 5.40834656e+002 1.26824329e+003 5.43350525e+002
  4.04187927e+002 6.18935974e+002 5.03797974e+002 6.20912598e+002
  6.05441589e+002 6.22532410e+002 7.05283875e+002 6.24089600e+002
  8.03817505e+002 6.25774292e+002 9.00978699e+002 6.27598877e+002
  9.96281006e+002 6.29761047e+002 1.09063062e+003 6.31462952e+002
  1.18308179e+003 6.33528870e+002 1.27445288e+003 6.35551453e+002
  3.90808014e+002 7.21839111e+002 4.93371185e+002 7.23705994e+002
  5.96974487e+002 7.24615112e+002 6.97967712e+002 7.25206665e+002
  7.98793335e+002 7.26164429e+002 8.98099487e+002 7.27552490e+002
  9.95775391e+002 7.28616211e+002 1.09180554e+003 7.29803284e+002
  1.18638611e+003 7.30931213e+002 1.27945276e+003 7.32299744e+002
  3.80357056e+002 8.27736389e+002 4.83849792e+002 8.29384888e+002
  5.88048523e+002 8.30746033e+002 6.90547668e+002 8.30795715e+002
  7.93766602e+002 8.31337646e+002 8.95235046e+002 8.31413757e+002
  9.95384277e+002 8.32586975e+002 1.09317419e+003 8.32300598e+002
  1.18926318e+003 8.32323425e+002 1.28377271e+003 8.32386902e+002
  3.71258362e+002 9.35908081e+002 4.75612000e+002 9.38259155e+002
  5.80702087e+002 9.39548096e+002 6.83456909e+002 9.40452515e+002
  7.88042603e+002 9.40999695e+002 8.91986694e+002 9.39991577e+002
  9.94033081e+002 9.39645142e+002 1.09400940e+003 9.38829834e+002
  1.19170093e+003 9.36979919e+002 1.28681836e+003 9.34898804e+002</camera>
<projector>
  5.46341370e+002 1.57642120e+002 6.26058228e+002 1.72665390e+002
  7.01207703e+002 1.87139954e+002 7.71749329e+002 1.99659714e+002
  8.39281494e+002 2.13482864e+002 9.03154419e+002 2.25691788e+002
  9.65910889e+002 2.36574341e+002 1.02402893e+003 2.48175552e+002
  1.08025989e+003 2.58356659e+002 1.13353577e+003 2.68994019e+002
  5.47957642e+002 2.42339737e+002 6.27652588e+002 2.54805161e+002
  7.01995300e+002 2.66918823e+002 7.73702820e+002 2.78168427e+002
  8.41145325e+002 2.88892151e+002 9.06269531e+002 2.99018311e+002
  9.68063110e+002 3.08915222e+002 1.02702356e+003 3.18569824e+002
  1.08255640e+003 3.28266296e+002 1.13588489e+003 3.37370850e+002
  5.49136169e+002 3.27039185e+002 6.28293091e+002 3.37130310e+002
  7.03772644e+002 3.47149750e+002 7.75436035e+002 3.57441620e+002
  8.43143982e+002 3.66000275e+002 9.08903198e+002 3.73928528e+002
  9.71025208e+002 3.81735718e+002 1.02903931e+003 3.90181793e+002
  1.08485364e+003 3.98363983e+002 1.13873914e+003 4.05098358e+002
  5.49559448e+002 4.12634369e+002 6.29695679e+002 4.20255096e+002
  7.05034912e+002 4.28346069e+002 7.76644836e+002 4.35124725e+002
  8.45906738e+002 4.42073578e+002 9.11571960e+002 4.48978027e+002
  9.72349854e+002 4.55977203e+002 1.03213440e+003 4.61589142e+002
  1.08818042e+003 4.68369202e+002 1.14184070e+003 4.74495331e+002
  5.52373962e+002 4.98791412e+002 6.31429749e+002 5.04836090e+002
  7.07119019e+002 5.10348785e+002 7.78150024e+002 5.14753601e+002
  8.46843262e+002 5.20067200e+002 9.12784851e+002 5.25336609e+002
  9.75068054e+002 5.30263245e+002 1.03368372e+003 5.34838074e+002
  1.09018872e+003 5.39088074e+002 1.14415674e+003 5.43337036e+002
  5.53260864e+002 5.86096191e+002 6.33021912e+002 5.88781555e+002
  7.09012390e+002 5.92542419e+002 7.79479370e+002 5.95558899e+002
  8.48341309e+002 5.98442688e+002 9.14081787e+002 6.01062622e+002
  9.77040527e+002 6.05191833e+002 1.03533630e+003 6.07710632e+002
  1.09148181e+003 6.10587646e+002 1.14610327e+003 6.13424072e+002
  5.54379517e+002 6.72970825e+002 6.34430420e+002 6.74227234e+002
  7.10491882e+002 6.75338440e+002 7.80373230e+002 6.76015747e+002
  8.49888733e+002 6.77650635e+002 9.14924316e+002 6.78787476e+002
  9.77910278e+002 6.80201416e+002 1.03703223e+003 6.81469360e+002
  1.09343494e+003 6.82528015e+002 1.14721912e+003 6.83664734e+002</projector>
</opencv_storage>
