<?xml version="1.0"?>
<opencv_storage>
<world>
  0. 0. 0. 24. 0. 0. 48. 0. 0. 72. 0. 0. 96. 0. 0. 120. 0. 0. 144. 0. 0.
  168. 0. 0. 192. 0. 0. 216. 0. 0. 0. 24. 0. 24. 24. 0. 48. 24. 0. 72.
  24. 0. 96. 24. 0. 120. 24. 0. 144. 24. 0. 168. 24. 0. 192. 24. 0. 216.
  24. 0. 0. 48. 0. 24. 48. 0. 48. 48. 0. 72. 48. 0. 96. 48. 0. 120. 48.
  0. 144. 48. 0. 168. 48. 0. 192. 48. 0. 216. 48. 0. 0. 72. 0. 24. 72.
  0. 48. 72. 0. 72. 72. 0. 96. 72. 0. 120. 72. 0. 144. 72. 0. 168. 72.
  0. 192. 72. 0. 216. 72. 0. 0. 96. 0. 24. 96. 0. 48. 96. 0. 72. 96. 0.
  96. 96. 0. 120. 96. 0. 144. 96. 0. 168. 96. 0. 192. 96. 0. 216. 96. 0.
  0. 120. 0. 24. 120. 0. 48. 120. 0. 72. 120. 0. 96. 120. 0. 120. 120.
  0. 144. 120. 0. 168. 120. 0. 192. 120. 0. 216. 120. 0. 0. 144. 0. 24.
  144. 0. 48. 144. 0. 72. 144. 0. 96. 144. 0. 120. 144. 0. 144. 144. 0.
  168. 144. 0. 192. 144. 0. 216. 144. 0.</world>
<camera>
  5.34761902e+002 5.17445435e+002 5.65537354e+002 5.17557556e+002
  5.97125122e+002 5.17560974e+002 6.29047729e+002 5.17791504e+002
  6.61317139e+002 5.18089111e+002 6.94176941e+002 5.18423401e+002
  7.27336426e+002 5.18615234e+002 7.60708740e+002 5.18886597e+002
  7.94611877e+002 5.19302490e+002 8.28712708e+002 5.19598083e+002
  5.34450439e+002 5.50449402e+002 5.64867615e+002 5.50611084e+002
  5.96403015e+002 5.51036621e+002 6.28401550e+002 5.51410034e+002
  6.60641785e+002 5.51820190e+002 6.93346985e+002 5.52331726e+002
  7.26557312e+002 5.52724121e+002 7.60207397e+002 5.53205750e+002
  7.94130188e+002 5.53589844e+002 8.28356201e+002 5.54253235e+002
  5.34309265e+002 5.83374756e+002 5.64505005e+002 584. 5.95534790e+002
  5.84494324e+002 6.27489868e+002 5.85149109e+002 6.59808228e+002
  5.85588562e+002 6.92544250e+002 5.86372498e+002 7.25606506e+002
  5.86852966e+002 7.59301331e+002 5.87527344e+002 7.93320984e+002
  5.88201355e+002 8.27558655e+002 5.88792297e+002 5.34349976e+002
  6.16256409e+002 5.64452881e+002 6.16920959e+002 5.95472229e+002
  6.17668579e+002 6.27042908e+002 6.18600403e+002 6.59299072e+002
  6.19471069e+002 6.91970276e+002 6.20389282e+002 7.25430298e+002
  6.21076172e+002 7.59142090e+002 6.21608093e+002 7.92934448e+002
  6.22497253e+002 8.27170227e+002 6.23186218e+002 5.34502075e+002
  6.48786682e+002 5.64815552e+002 6.49922668e+002 5.95536255e+002
  6.50896973e+002 6.27119812e+002 6.52158630e+002 6.59199646e+002
  6.53206238e+002 6.92064270e+002 6.54198914e+002 7.25464783e+002
  6.54797913e+002 7.59032654e+002 6.55597839e+002 7.92940308e+002
  6.56477295e+002 8.26826843e+002 6.57327698e+002 5.34428711e+002
  6.81432495e+002 5.64447021e+002 6.82766296e+002 5.95446472e+002
  6.84149963e+002 6.27340515e+002 6.85279419e+002 6.59485291e+002
  6.86490356e+002 6.92221069e+002 6.87526733e+002 7.25462585e+002
  6.88530579e+002 7.58829895e+002 6.89497620e+002 7.92414917e+002
  6.90667480e+002 8.26356262e+002 6.91498169e+002 5.34721375e+002
  7.13768005e+002 5.65273254e+002 7.15319702e+002 5.96146057e+002
  7.16739990e+002 6.27646790e+002 7.18256897e+002 6.59750854e+002
  7.19432861e+002 6.92504333e+002 7.20767456e+002 7.25422607e+002
  7.22022705e+002 7.58610291e+002 7.23243530e+002 7.92322937e+002
  7.24479553e+002 8.26031067e+002 7.25437805e+002</camera>
<projector>
  3.99974182e+002 4.76256622e+002 4.30497711e+002 4.76033447e+002
  4.61285492e+002 4.74853058e+002 4.93050385e+002 4.73528503e+002
  5.24934875e+002 4.72315063e+002 5.57548279e+002 4.70951294e+002
  5.90202026e+002 4.70625519e+002 6.24013184e+002 4.69078461e+002
  6.58001404e+002 4.67656738e+002 6.92248474e+002 4.67178772e+002
  3.98379730e+002 5.11644653e+002 4.28970734e+002 5.11417236e+002
  4.59690857e+002 5.10247955e+002 4.91510834e+002 5.08961212e+002
  5.24109375e+002 5.08713104e+002 5.55716492e+002 5.07352661e+002
  5.89456604e+002 5.07041870e+002 6.22438843e+002 5.05851257e+002
  6.56509155e+002 5.05604980e+002 6.90771240e+002 5.04218567e+002
  3.97961243e+002 5.47162476e+002 4.28251678e+002 5.46664734e+002
  4.58997711e+002 5.45439148e+002 4.89460114e+002 5.45254211e+002
  5.22123230e+002 5.45062561e+002 5.54559387e+002 5.43776672e+002
  5.87311462e+002 5.43596558e+002 6.20258972e+002 5.43349365e+002
  6.54463867e+002 5.42278442e+002 6.89988953e+002 5.42196350e+002
  3.97166962e+002 5.82612427e+002 4.26858368e+002 5.82412476e+002
  4.57127625e+002 5.82007141e+002 4.88812286e+002 5.81814148e+002
  5.20218750e+002 5.80406433e+002 5.52914612e+002 5.80360168e+002
  5.85952393e+002 5.80335449e+002 6.19979736e+002 5.80460510e+002
  6.53982056e+002 5.79261963e+002 6.88498230e+002 5.79393799e+002
  3.97376984e+002 6.18388306e+002 4.26923859e+002 6.18060730e+002
  4.57473602e+002 6.17702759e+002 4.87891205e+002 6.17359192e+002
  5.19431213e+002 6.17279541e+002 5.52117432e+002 6.17165100e+002
  5.85631897e+002 6.17480164e+002 6.19979736e+002 6.17755737e+002
  6.53956726e+002 6.16621948e+002 6.88331726e+002 6.16963013e+002
  3.95478210e+002 6.52970215e+002 4.25005280e+002 6.53705200e+002
  4.55537109e+002 6.53504578e+002 4.87071533e+002 6.53379639e+002
  5.18993652e+002 6.53386353e+002 5.52016418e+002 6.54532349e+002
  5.85022705e+002 6.54822998e+002 6.19164185e+002 6.53813904e+002
  6.52056702e+002 6.54976929e+002 6.86537964e+002 6.54091675e+002
  3.95344818e+002 6.88942383e+002 4.25192047e+002 6.88655701e+002
  4.55919495e+002 6.89606812e+002 4.87820862e+002 6.89695557e+002
  5.19702576e+002 6.89565796e+002 5.52726440e+002 6.90969971e+002
  5.84685608e+002 6.91062744e+002 6.18684265e+002 6.91250732e+002
  6.51790039e+002 6.91363037e+002 6.85967407e+002 6.91744873e+002</projector>
</opencv_storage>
