<?xml version="1.0"?>
<opencv_storage>
<world>
  0. 0. 0. 24. 0. 0. 48. 0. 0. 72. 0. 0. 96. 0. 0. 120. 0. 0. 144. 0. 0.
  168. 0. 0. 192. 0. 0. 216. 0. 0. 0. 24. 0. 24. 24. 0. 48. 24. 0. 72.
  24. 0. 96. 24. 0. 120. 24. 0. 144. 24. 0. 168. 24. 0. 192. 24. 0. 216.
  24. 0. 0. 48. 0. 24. 48. 0. 48. 48. 0. 72. 48. 0. 96. 48. 0. 120. 48.
  0. 144. 48. 0. 168. 48. 0. 192. 48. 0. 216. 48. 0. 0. 72. 0. 24. 72.
  0. 48. 72. 0. 72. 72. 0. 96. 72. 0. 120. 72. 0. 144. 72. 0. 168. 72.
  0. 192. 72. 0. 216. 72. 0. 0. 96. 0. 24. 96. 0. 48. 96. 0. 72. 96. 0.
  96. 96. 0. 120. 96. 0. 144. 96. 0. 168. 96. 0. 192. 96. 0. 216. 96. 0.
  0. 120. 0. 24. 120. 0. 48. 120. 0. 72. 120. 0. 96. 120. 0. 120. 120.
  0. 144. 120. 0. 168. 120. 0. 192. 120. 0. 216. 120. 0. 0. 144. 0. 24.
  144. 0. 48. 144. 0. 72. 144. 0. 96. 144. 0. 120. 144. 0. 144. 144. 0.
  168. 144. 0. 192. 144. 0. 216. 144. 0.</world>
<camera>
  1.06463916e+003 4.60326508e+002 1.10487964e+003 4.63698914e+002
  1.14485486e+003 4.67188538e+002 1.18458826e+003 4.70753326e+002
  1.22410364e+003 4.74415283e+002 1.26273413e+003 4.78013000e+002
  1.30118579e+003 4.81747009e+002 1.33894177e+003 4.85504211e+002
  1.37635437e+003 4.89271759e+002 1.41268188e+003 4.93045288e+002
  1.06166833e+003 5.01045288e+002 1.10219421e+003 5.04289551e+002
  1.14225146e+003 5.07608551e+002 1.18200244e+003 5.11233368e+002
  1.22134180e+003 5.14814087e+002 1.26047607e+003 5.18302734e+002
  1.29876343e+003 5.21822205e+002 1.33659595e+003 5.25474426e+002
  1.37404431e+003 5.29070862e+002 1.41032483e+003 5.32722351e+002
  1.05854163e+003 5.41756165e+002 1.09887378e+003 5.45188232e+002
  1.13910742e+003 5.48377136e+002 1.17906299e+003 5.51822021e+002
  1.21853149e+003 5.55355286e+002 1.25802991e+003 5.58815430e+002
  1.29654297e+003 5.62120605e+002 1.33451428e+003 5.65547302e+002
  1.37184180e+003 5.69059814e+002 1.40820154e+003 5.72473511e+002
  1.05515955e+003 5.82620911e+002 1.09565234e+003 5.85916626e+002
  1.13598425e+003 5.89208740e+002 1.17616870e+003 5.92718750e+002
  1.21558569e+003 5.95989075e+002 1.25468860e+003 5.99332214e+002
  1.29334473e+003 6.02670837e+002 1.33073718e+003 6.05725464e+002
  1.36842981e+003 6.09008118e+002 1.40468396e+003 6.12141174e+002
  1.05182373e+003 6.23364014e+002 1.09226965e+003 6.26813843e+002
  1.13245422e+003 6.30054688e+002 1.17239673e+003 6.33402405e+002
  1.21222229e+003 6.36847900e+002 1.25101575e+003 6.39909912e+002
  1.28923914e+003 6.42904236e+002 1.32675916e+003 6.45843994e+002
  1.36418750e+003 6.48922058e+002 1.40061682e+003 6.51752380e+002
  1.04824194e+003 6.64113403e+002 1.08851794e+003 6.67457214e+002
  1.12863879e+003 6.70778931e+002 1.16851550e+003 6.74074219e+002
  1.20802271e+003 6.77075867e+002 1.24690735e+003 6.80302673e+002
  1.28521753e+003 6.83110229e+002 1.32286365e+003 6.85874268e+002
  1.36067993e+003 6.88753845e+002 1.39723877e+003 6.91483826e+002
  1.04442651e+003 7.04575317e+002 1.08466711e+003 7.07929810e+002
  1.12457568e+003 7.11050598e+002 1.16442847e+003 7.14388306e+002
  1.20385803e+003 7.17315552e+002 1.24267114e+003 7.20282959e+002
  1.28095520e+003 7.22992004e+002 1.31883557e+003 7.25825134e+002
  1.35636035e+003 7.28548340e+002 1.39297864e+003 7.30949158e+002</camera>
<projector>
  8.62019897e+002 3.58473724e+002 9.03734741e+002 3.59932312e+002
  9.46755920e+002 3.60302551e+002 9.90724121e+002 3.61751526e+002
  1.03454749e+003 3.62021698e+002 1.07965076e+003 3.63420349e+002
  1.12476550e+003 3.64738892e+002 1.17112183e+003 3.65993378e+002
  1.21784509e+003 3.65822235e+002 1.26678699e+003 3.67540497e+002
  8.57829590e+002 4.02681793e+002 8.99078003e+002 4.03300018e+002
  9.41948303e+002 4.05224426e+002 9.85874023e+002 4.05924500e+002
  1.02948193e+003 4.07807220e+002 1.07414429e+003 4.08383606e+002
  1.12044604e+003 4.10241150e+002 1.16698206e+003 4.10992249e+002
  1.21355872e+003 4.13000580e+002 1.26106836e+003 4.15002289e+002
  8.53871582e+002 4.46768158e+002 8.94830444e+002 4.47679810e+002
  9.37106018e+002 4.48672150e+002 9.80711304e+002 4.50894257e+002
  1.02551392e+003 4.52050171e+002 1.06984436e+003 4.54206940e+002
  1.11594751e+003 4.55416870e+002 1.16228845e+003 4.57965271e+002
  1.20985596e+003 4.59387573e+002 1.25711572e+003 4.60835999e+002
  8.49016663e+002 4.91012054e+002 8.91171448e+002 4.92085846e+002
  9.33246704e+002 4.93464752e+002 9.76235596e+002 4.95903290e+002
  1.02061993e+003 4.97350555e+002 1.06535718e+003 4.99046906e+002
  1.11056409e+003 5.02160522e+002 1.15757349e+003 5.04378601e+002
  1.20423816e+003 5.06570129e+002 1.25336584e+003 5.08666504e+002
  8.45526245e+002 5.34063171e+002 8.86678162e+002 5.36764587e+002
  9.28551147e+002 5.38326965e+002 9.71492310e+002 5.40039429e+002
  1.01579980e+003 5.43113159e+002 1.06082312e+003 5.45464355e+002
  1.10653772e+003 5.48251404e+002 1.15327795e+003 5.50980835e+002
  1.19991138e+003 5.53588013e+002 1.24860815e+003 5.56349854e+002
  8.40788696e+002 5.78021606e+002 8.82679626e+002 5.79926758e+002
  9.24893799e+002 5.83198792e+002 9.68466003e+002 5.85600403e+002
  1.01211536e+003 5.88291504e+002 1.05683972e+003 5.91056091e+002
  1.10238330e+003 5.94211731e+002 1.14878931e+003 5.97228516e+002
  1.19613806e+003 6.00363098e+002 1.24301794e+003 6.02298462e+002
  8.36272522e+002 6.22562683e+002 8.78655945e+002 6.24926819e+002
  9.21096497e+002 6.27521851e+002 9.63564636e+002 6.30470886e+002
  1.00831885e+003 6.33486816e+002 1.05326294e+003 6.36835632e+002
  1.09832910e+003 6.40335815e+002 1.14451050e+003 6.43806030e+002
  1.19053552e+003 6.47506470e+002 1.23857996e+003 6.50258057e+002</projector>
</opencv_storage>
