<?xml version="1.0"?>
<opencv_storage>
<world>
  0. 0. 0. 24. 0. 0. 48. 0. 0. 72. 0. 0. 96. 0. 0. 120. 0. 0. 144. 0. 0.
  168. 0. 0. 192. 0. 0. 216. 0. 0. 0. 24. 0. 24. 24. 0. 48. 24. 0. 72.
  24. 0. 96. 24. 0. 120. 24. 0. 144. 24. 0. 168. 24. 0. 192. 24. 0. 216.
  24. 0. 0. 48. 0. 24. 48. 0. 48. 48. 0. 72. 48. 0. 96. 48. 0. 120. 48.
  0. 144. 48. 0. 168. 48. 0. 192. 48. 0. 216. 48. 0. 0. 72. 0. 24. 72.
  0. 48. 72. 0. 72. 72. 0. 96. 72. 0. 120. 72. 0. 144. 72. 0. 168. 72.
  0. 192. 72. 0. 216. 72. 0. 0. 96. 0. 24. 96. 0. 48. 96. 0. 72. 96. 0.
  96. 96. 0. 120. 96. 0. 144. 96. 0. 168. 96. 0. 192. 96. 0. 216. 96. 0.
  0. 120. 0. 24. 120. 0. 48. 120. 0. 72. 120. 0. 96. 120. 0. 120. 120.
  0. 144. 120. 0. 168. 120. 0. 192. 120. 0. 216. 120. 0. 0. 144. 0. 24.
  144. 0. 48. 144. 0. 72. 144. 0. 96. 144. 0. 120. 144. 0. 144. 144. 0.
  168. 144. 0. 192. 144. 0. 216. 144. 0.</world>
<camera>
  2.93125366e+002 2.22914948e+002 3.22270233e+002 2.28211456e+002
  3.50512787e+002 2.33418137e+002 3.78107117e+002 2.38687759e+002
  4.05347351e+002 2.43856873e+002 4.31609070e+002 2.48926437e+002
  4.57440887e+002 2.54056870e+002 4.82638458e+002 2.58885681e+002
  5.07298950e+002 2.63920441e+002 5.31193665e+002 2.68676208e+002
  2.90235931e+002 2.56969147e+002 3.20249786e+002 2.61541595e+002
  3.48616333e+002 2.66387909e+002 3.76318146e+002 2.71253754e+002
  4.03616974e+002 2.76005768e+002 4.30669373e+002 2.80506348e+002
  4.56514038e+002 2.85196472e+002 4.81488556e+002 2.89749084e+002
  5.06175262e+002 2.94313507e+002 5.29666992e+002 2.98780792e+002
  2.87634583e+002 2.91532654e+002 3.18202179e+002 2.95559296e+002
  3.47389618e+002 2.99710052e+002 3.75472900e+002 3.04069214e+002
  4.02867035e+002 3.08344940e+002 4.30203461e+002 3.12453094e+002
  4.56507416e+002 3.16554749e+002 4.81652740e+002 3.20692993e+002
  5.06188507e+002 3.24861298e+002 5.29674133e+002 3.29047211e+002
  2.85408569e+002 3.26502838e+002 3.15824158e+002 3.30090759e+002
  3.45330444e+002 3.33719727e+002 3.74276733e+002 3.37392853e+002
  4.02143066e+002 3.41128906e+002 4.29274323e+002 3.44834106e+002
  4.55167236e+002 3.48585205e+002 4.79683746e+002 3.52460510e+002
  5.04814728e+002 3.56166962e+002 5.28563049e+002 3.59730347e+002
  2.83163177e+002 3.61751740e+002 3.13496399e+002 3.65000641e+002
  3.43396790e+002 3.68030090e+002 3.72327637e+002 3.71330353e+002
  4.00582855e+002 3.74531616e+002 4.27302429e+002 3.77859833e+002
  4.52700043e+002 3.81288147e+002 4.77669128e+002 3.84454285e+002
  5.02321014e+002 3.87636993e+002 5.26518127e+002 3.90726898e+002
  2.81585114e+002 3.97304413e+002 3.12471436e+002 3.99833344e+002
  3.41988251e+002 4.02679871e+002 3.70434692e+002 4.05493622e+002
  3.98205963e+002 4.08377472e+002 4.25466309e+002 4.11179749e+002
  4.51136963e+002 4.13909485e+002 4.76569366e+002 4.16639313e+002
  5.02406952e+002 4.19196442e+002 5.26710938e+002 4.21701233e+002
  2.80005554e+002 4.33160156e+002 3.10377808e+002 4.35390594e+002
  3.39818390e+002 4.37526062e+002 3.68561310e+002 4.39894409e+002
  3.96441528e+002 4.42254822e+002 4.23473053e+002 4.44569061e+002
  4.49799744e+002 4.46828644e+002 4.75768890e+002 4.49021454e+002
  5.01338562e+002 4.51146973e+002 5.25678955e+002 4.53162476e+002</camera>
<projector>
  1.10321297e+002 1.43264343e+002 1.45862564e+002 1.50918839e+002
  1.81694870e+002 1.58573151e+002 2.15183777e+002 1.67132813e+002
  2.48615173e+002 1.74496475e+002 2.82287445e+002 1.81867935e+002
  3.13602966e+002 1.88994980e+002 3.46290283e+002 1.96228394e+002
  3.76680725e+002 2.03281540e+002 4.07414764e+002 2.10413284e+002
  1.08397354e+002 1.80222717e+002 1.44885269e+002 1.87977310e+002
  1.80441162e+002 1.94647369e+002 2.13756653e+002 2.02107574e+002
  2.48234329e+002 2.09688858e+002 2.81592224e+002 2.17088058e+002
  3.13983368e+002 2.23372360e+002 3.44204895e+002 2.30531418e+002
  3.75733429e+002 2.36728394e+002 4.06399414e+002 2.44007187e+002
  1.07495438e+002 2.17878479e+002 1.43625458e+002 2.24561768e+002
  1.78885132e+002 2.31281906e+002 2.13141602e+002 2.37874146e+002
  2.47552612e+002 2.44374451e+002 2.80607574e+002 2.50833084e+002
  3.14150543e+002 2.58413361e+002 3.45576752e+002 2.64785156e+002
  3.75775726e+002 2.71032593e+002 4.06562866e+002 2.77340088e+002
  1.05173767e+002 2.55133560e+002 1.42331268e+002 2.60951202e+002
  1.77433838e+002 2.67756012e+002 2.12517517e+002 2.73342468e+002
  2.46595947e+002 2.79975494e+002 2.79724365e+002 2.86560120e+002
  3.12202850e+002 2.93238617e+002 3.43494507e+002 2.98621155e+002
  3.74839661e+002 3.05076202e+002 4.05504425e+002 3.11595184e+002
  1.03678040e+002 2.92065887e+002 1.39644562e+002 2.98004852e+002
  1.75666626e+002 3.03839569e+002 2.10613037e+002 3.09546936e+002
  2.45825287e+002 3.16457214e+002 2.77839539e+002 3.22129486e+002
  3.10312225e+002 3.27875488e+002 3.41587860e+002 3.33550629e+002
  3.71552612e+002 3.40023407e+002 4.03148315e+002 3.45611694e+002
  1.02976738e+002 3.28755219e+002 1.38837967e+002 3.34726807e+002
  1.74782898e+002 3.40778015e+002 2.08691269e+002 3.45667358e+002
  2.42796051e+002 3.51617279e+002 2.75823120e+002 3.57537872e+002
  3.08105713e+002 3.63412323e+002 3.40411804e+002 3.69127258e+002
  3.71385925e+002 3.73625946e+002 4.02832092e+002 3.79337799e+002
  1.00980385e+002 3.66159058e+002 1.36874619e+002 3.71419006e+002
  1.72876923e+002 3.77618500e+002 2.07927582e+002 3.82790009e+002
  2.40634796e+002 3.87735504e+002 2.73740173e+002 3.93775299e+002
  3.06872711e+002 3.98730438e+002 3.39008942e+002 4.03568970e+002
  3.70065857e+002 4.08195007e+002 4.01415436e+002 4.13004822e+002</projector>
</opencv_storage>
