<?xml version="1.0"?>
<opencv_storage>
<world>
  0. 0. 0. 24. 0. 0. 48. 0. 0. 72. 0. 0. 96. 0. 0. 120. 0. 0. 144. 0. 0.
  168. 0. 0. 192. 0. 0. 216. 0. 0. 0. 24. 0. 24. 24. 0. 48. 24. 0. 72.
  24. 0. 96. 24. 0. 120. 24. 0. 144. 24. 0. 168. 24. 0. 192. 24. 0. 216.
  24. 0. 0. 48. 0. 24. 48. 0. 48. 48. 0. 72. 48. 0. 96. 48. 0. 120. 48.
  0. 144. 48. 0. 168. 48. 0. 192. 48. 0. 216. 48. 0. 0. 72. 0. 24. 72.
  0. 48. 72. 0. 72. 72. 0. 96. 72. 0. 120. 72. 0. 144. 72. 0. 168. 72.
  0. 192. 72. 0. 216. 72. 0. 0. 96. 0. 24. 96. 0. 48. 96. 0. 72. 96. 0.
  96. 96. 0. 120. 96. 0. 144. 96. 0. 168. 96. 0. 192. 96. 0. 216. 96. 0.
  0. 120. 0. 24. 120. 0. 48. 120. 0. 72. 120. 0. 96. 120. 0. 120. 120.
  0. 144. 120. 0. 168. 120. 0. 192. 120. 0. 216. 120. 0. 0. 144. 0. 24.
  144. 0. 48. 144. 0. 72. 144. 0. 96. 144. 0. 120. 144. 0. 144. 144. 0.
  168. 144. 0. 192. 144. 0. 216. 144. 0.</world>
<camera>
  4.53522858e+002 2.52701675e+002 5.02954895e+002 2.58806183e+002
  5.50579956e+002 2.65265228e+002 5.96900024e+002 2.71820068e+002
  6.42031677e+002 2.78296692e+002 6.85493286e+002 2.84694794e+002
  7.27599731e+002 2.91132874e+002 7.68371643e+002 2.97527679e+002
  8.07468750e+002 3.03851257e+002 8.45081238e+002 3.10156036e+002
  4.50103699e+002 3.05485107e+002 5.00548401e+002 3.10558319e+002
  5.48507751e+002 3.16199371e+002 5.95115112e+002 3.21858429e+002
  6.40598267e+002 3.27526001e+002 6.85057312e+002 3.33018280e+002
  7.27381653e+002 3.38646210e+002 7.67729309e+002 3.44342529e+002
  8.07216125e+002 3.49730042e+002 8.44441406e+002 3.55376923e+002
  4.47082764e+002 3.59443390e+002 4.98175323e+002 3.63470001e+002
  5.47287720e+002 3.67855499e+002 5.94512085e+002 3.72665009e+002
  6.40180298e+002 3.77471527e+002 6.85192322e+002 3.82031372e+002
  7.28199524e+002 3.86686066e+002 7.68948792e+002 3.91479309e+002
  8.08276733e+002 3.96248260e+002 8.45348755e+002 4.00867737e+002
  4.44393799e+002 4.13897919e+002 4.95588043e+002 4.17363129e+002
  5.45122314e+002 4.20871399e+002 5.93466370e+002 4.24500397e+002
  6.39682800e+002 4.28272552e+002 6.84541138e+002 4.32022003e+002
  7.26901733e+002 4.35841949e+002 7.67051636e+002 4.39691925e+002
  8.06974854e+002 4.43513733e+002 8.44561829e+002 4.47240967e+002
  4.41886292e+002 4.69220367e+002 4.93199158e+002 4.71709503e+002
  5.43250854e+002 4.74374664e+002 5.91516418e+002 4.77216766e+002
  6.38398071e+002 4.79916290e+002 6.82540527e+002 4.82914764e+002
  7.24434204e+002 4.85654358e+002 7.64956360e+002 4.88480133e+002
  8.04330261e+002 4.91336273e+002 8.42500671e+002 4.93854889e+002
  4.40516876e+002 5.24635010e+002 4.92216675e+002 5.26467285e+002
  5.41704773e+002 5.28250854e+002 5.89458740e+002 5.30155884e+002
  6.35585876e+002 5.31966797e+002 6.80691345e+002 5.33834106e+002
  7.22618652e+002 5.35660889e+002 7.63785461e+002 5.37414612e+002
  8.04766235e+002 5.39147827e+002 8.43186584e+002 5.40716187e+002
  4.39314331e+002 5.80417419e+002 4.90297638e+002 5.81363464e+002
  5.39655518e+002 5.82325134e+002 5.87576538e+002 5.83256836e+002
  6.33863708e+002 5.84162231e+002 6.78460693e+002 5.85004456e+002
  7.21444885e+002 5.85724792e+002 7.63277771e+002 5.86572327e+002
  8.03648315e+002 5.87309753e+002 8.42307861e+002 5.87888367e+002</camera>
<projector>
  1.55350464e+002 1.28892365e+002 2.05685501e+002 1.36136505e+002
  2.55207886e+002 1.42410538e+002 3.04010284e+002 1.50749847e+002
  3.52261536e+002 1.57201202e+002 3.98953125e+002 1.65520844e+002
  4.46745300e+002 1.72165802e+002 4.91899963e+002 1.79246613e+002
  5.37056396e+002 1.86181152e+002 5.81999023e+002 1.92928711e+002
  1.52580688e+002 1.76634308e+002 2.03355469e+002 1.84562714e+002
  2.53157379e+002 1.90266098e+002 3.01681793e+002 1.97230087e+002
  3.50518799e+002 2.05190308e+002 3.97799011e+002 2.11084244e+002
  4.44252808e+002 2.18595337e+002 4.90654724e+002 2.25194077e+002
  5.35671509e+002 2.32604492e+002 5.79506348e+002 2.38482361e+002
  1.49956802e+002 2.26058151e+002 2.00350159e+002 2.31097473e+002
  2.50005707e+002 2.39738846e+002 3.00116302e+002 2.45399857e+002
  3.47976563e+002 2.51302765e+002 3.96083771e+002 2.58440826e+002
  4.43577484e+002 2.65293396e+002 4.89635132e+002 2.70787659e+002
  5.34779602e+002 2.77350067e+002 5.78832825e+002 2.84488068e+002
  1.46565002e+002 2.75540527e+002 1.98119949e+002 2.81138092e+002
  2.48654755e+002 2.88000214e+002 2.97134003e+002 2.93434570e+002
  3.46739227e+002 2.99557556e+002 3.94827545e+002 3.05651215e+002
  4.41372437e+002 3.11811035e+002 4.86768341e+002 3.17981873e+002
  5.32745789e+002 3.24614716e+002 5.77782043e+002 3.30167786e+002
  1.44896698e+002 3.25211517e+002 1.95670883e+002 3.31337341e+002
  2.46090164e+002 3.35834351e+002 2.95089996e+002 3.41680969e+002
  3.43475464e+002 3.47872253e+002 3.92112061e+002 3.53669128e+002
  4.37640015e+002 3.59783813e+002 4.84196686e+002 3.64516449e+002
  5.28959656e+002 3.70569885e+002 5.74694031e+002 3.76672913e+002
  1.42726242e+002 3.75144287e+002 1.93012543e+002 3.79987823e+002
  2.43346375e+002 3.85320984e+002 2.91550049e+002 3.90496246e+002
  3.40996307e+002 3.96325256e+002 3.89578033e+002 4.01208923e+002
  4.36388855e+002 4.07276764e+002 4.82354675e+002 4.11386658e+002
  5.28504761e+002 4.16921906e+002 5.72960205e+002 4.22464630e+002
  1.38498093e+002 4.24519257e+002 1.90308029e+002 4.28770355e+002
  2.40906097e+002 4.34109436e+002 2.90554810e+002 4.39880157e+002
  3.38438721e+002 4.44836487e+002 3.85902771e+002 4.49280243e+002
  4.33225037e+002 4.54605896e+002 4.80091278e+002 4.59695435e+002
  5.26409973e+002 4.63638916e+002 5.70747742e+002 4.68669891e+002</projector>
</opencv_storage>
