<?xml version="1.0"?>
<opencv_storage>
<world>
  0. 0. 0. 24. 0. 0. 48. 0. 0. 72. 0. 0. 96. 0. 0. 120. 0. 0. 144. 0. 0.
  168. 0. 0. 192. 0. 0. 216. 0. 0. 0. 24. 0. 24. 24. 0. 48. 24. 0. 72.
  24. 0. 96. 24. 0. 120. 24. 0. 144. 24. 0. 168. 24. 0. 192. 24. 0. 216.
  24. 0. 0. 48. 0. 24. 48. 0. 48. 48. 0. 72. 48. 0. 96. 48. 0. 120. 48.
  0. 144. 48. 0. 168. 48. 0. 192. 48. 0. 216. 48. 0. 0. 72. 0. 24. 72.
  0. 48. 72. 0. 72. 72. 0. 96. 72. 0. 120. 72. 0. 144. 72. 0. 168. 72.
  0. 192. 72. 0. 216. 72. 0. 0. 96. 0. 24. 96. 0. 48. 96. 0. 72. 96. 0.
  96. 96. 0. 120. 96. 0. 144. 96. 0. 168. 96. 0. 192. 96. 0. 216. 96. 0.
  0. 120. 0. 24. 120. 0. 48. 120. 0. 72. 120. 0. 96. 120. 0. 120. 120.
  0. 144. 120. 0. 168. 120. 0. 192. 120. 0. 216. 120. 0. 0. 144. 0. 24.
  144. 0. 48. 144. 0. 72. 144. 0. 96. 144. 0. 120. 144. 0. 144. 144. 0.
  168. 144. 0. 192. 144. 0. 216. 144. 0.</world>
<camera>
  1.00518311e+003 4.90605713e+002 1.04956848e+003 4.91360382e+002
  1.09352502e+003 4.91656006e+002 1.13686108e+003 4.92581085e+002
  1.17999500e+003 4.93405609e+002 1.22232935e+003 4.94523804e+002
  1.26380896e+003 4.95366241e+002 1.30453638e+003 4.96415283e+002
  1.34453699e+003 4.97384979e+002 1.38354749e+003 4.98398834e+002
  1.00472791e+003 5.35528809e+002 1.04934375e+003 5.36018921e+002
  1.09333728e+003 5.36506775e+002 1.13663757e+003 5.37275940e+002
  1.17975208e+003 5.37614441e+002 1.22244934e+003 5.38521423e+002
  1.26399194e+003 5.39227722e+002 1.30457202e+003 5.39753784e+002
  1.34450745e+003 5.40545044e+002 1.38331409e+003 5.41400940e+002
  1.00442438e+003 5.80606384e+002 1.04884705e+003 5.81124207e+002
  1.09304053e+003 5.81435852e+002 1.13664795e+003 5.81673523e+002
  1.17961340e+003 5.82404358e+002 1.22249646e+003 5.82613708e+002
  1.26432629e+003 5.83171570e+002 1.30483167e+003 5.83481018e+002
  1.34472095e+003 5.83891785e+002 1.38352258e+003 5.84431946e+002
  1.00365143e+003 6.25411194e+002 1.04843103e+003 6.25666077e+002
  1.09249402e+003 6.26079834e+002 1.13636707e+003 6.26570496e+002
  1.17939355e+003 6.26655029e+002 1.22184070e+003 6.26962708e+002
  1.26340735e+003 6.27161987e+002 1.30367957e+003 6.27053162e+002
  1.34380554e+003 6.27269531e+002 1.38247949e+003 6.27298767e+002
  1.00278314e+003 6.69940674e+002 1.04729150e+003 6.70444458e+002
  1.09144946e+003 6.70543152e+002 1.13493567e+003 6.70787964e+002
  1.17839404e+003 6.71097229e+002 1.22044946e+003 6.70879211e+002
  1.26148474e+003 6.70595642e+002 1.30177332e+003 6.70452637e+002
  1.34141772e+003 6.70178162e+002 1.38047559e+003 6.69696533e+002
  1.00213916e+003 7.14503296e+002 1.04649329e+003 7.14715454e+002
  1.09038379e+003 7.14799622e+002 1.13355469e+003 7.14718140e+002
  1.17643103e+003 7.14643127e+002 1.21857947e+003 7.14574341e+002
  1.25960449e+003 7.13892090e+002 1.30027698e+003 7.13424316e+002
  1.34048987e+003 7.13095703e+002 1.37928772e+003 7.12533569e+002
  1.00091638e+003 7.58399353e+002 1.04497656e+003 7.58502686e+002
  1.08858850e+003 7.58483948e+002 1.13191663e+003 7.58488831e+002
  1.17457141e+003 7.58060059e+002 1.21648425e+003 7.57467407e+002
  1.25774011e+003 7.56798279e+002 1.29832813e+003 7.56490479e+002
  1.33835449e+003 7.55495422e+002 1.37690894e+003 7.54571228e+002</camera>
<projector>
  7.51034729e+002 3.74191101e+002 7.96200623e+002 3.71535706e+002
  8.41561768e+002 3.70643005e+002 8.87296692e+002 3.69531281e+002
  9.34221252e+002 3.66766724e+002 9.80665710e+002 3.66739746e+002
  1.02869397e+003 3.63793335e+002 1.07787378e+003 3.62871246e+002
  1.12694446e+003 3.60280029e+002 1.17668542e+003 3.58954010e+002
  7.50214905e+002 4.20711975e+002 7.94021240e+002 4.18291473e+002
  8.39810669e+002 4.17927826e+002 8.86351013e+002 4.16036072e+002
  9.32761841e+002 4.15130005e+002 9.79354858e+002 4.14471375e+002
  1.02760510e+003 4.11727936e+002 1.07680322e+003 4.11260040e+002
  1.12631897e+003 4.10730042e+002 1.17487085e+003 4.07839142e+002
  7.48828735e+002 4.67045013e+002 7.92977539e+002 4.65456848e+002
  8.38123352e+002 4.63726868e+002 8.84369141e+002 4.63157196e+002
  9.31001892e+002 4.61930176e+002 9.77604187e+002 4.60911255e+002
  1.02605933e+003 4.59869751e+002 1.07434302e+003 4.58798462e+002
  1.12442664e+003 4.57925873e+002 1.17545630e+003 4.56542542e+002
  7.48370239e+002 5.12494934e+002 7.92090698e+002 5.11896973e+002
  8.36760864e+002 5.10971191e+002 8.82483765e+002 5.11031372e+002
  9.29053589e+002 5.09794586e+002 9.77073853e+002 5.08477570e+002
  1.02455554e+003 5.07495880e+002 1.07353711e+003 5.07204895e+002
  1.12337012e+003 5.07182617e+002 1.17296460e+003 5.06502106e+002
  7.47059570e+002 5.59431152e+002 7.91046082e+002 5.58395874e+002
  8.36223022e+002 5.58387024e+002 8.81735535e+002 5.57558838e+002
  9.28340210e+002 5.57171143e+002 9.75382813e+002 5.56546631e+002
  1.02372656e+003 5.56650085e+002 1.07262976e+003 5.55966675e+002
  1.12123059e+003 5.55744141e+002 1.17118896e+003 5.56124573e+002
  7.45903870e+002 6.06301941e+002 7.89919434e+002 6.05601990e+002
  8.34827332e+002 6.05373291e+002 8.81776733e+002 6.05118713e+002
  9.27252563e+002 6.05001465e+002 9.75807312e+002 6.05610352e+002
  1.02389484e+003 6.04914307e+002 1.07191187e+003 6.04733093e+002
  1.12057153e+003 6.05167603e+002 1.17025049e+003 6.05367371e+002
  7.44909363e+002 6.51698853e+002 7.89201233e+002 6.52576904e+002
  8.34697144e+002 6.51745544e+002 8.80520264e+002 6.52156250e+002
  9.27222351e+002 6.52873047e+002 9.73413574e+002 6.52157349e+002
  1.02255530e+003 6.53809692e+002 1.07071826e+003 6.54020142e+002
  1.11940405e+003 6.53791138e+002 1.16933679e+003 6.54823853e+002</projector>
</opencv_storage>
