<?xml version="1.0"?>
<opencv_storage>
<world>
  0. 0. 0. 24. 0. 0. 48. 0. 0. 72. 0. 0. 96. 0. 0. 120. 0. 0. 144. 0. 0.
  168. 0. 0. 192. 0. 0. 216. 0. 0. 0. 24. 0. 24. 24. 0. 48. 24. 0. 72.
  24. 0. 96. 24. 0. 120. 24. 0. 144. 24. 0. 168. 24. 0. 192. 24. 0. 216.
  24. 0. 0. 48. 0. 24. 48. 0. 48. 48. 0. 72. 48. 0. 96. 48. 0. 120. 48.
  0. 144. 48. 0. 168. 48. 0. 192. 48. 0. 216. 48. 0. 0. 72. 0. 24. 72.
  0. 48. 72. 0. 72. 72. 0. 96. 72. 0. 120. 72. 0. 144. 72. 0. 168. 72.
  0. 192. 72. 0. 216. 72. 0. 0. 96. 0. 24. 96. 0. 48. 96. 0. 72. 96. 0.
  96. 96. 0. 120. 96. 0. 144. 96. 0. 168. 96. 0. 192. 96. 0. 216. 96. 0.
  0. 120. 0. 24. 120. 0. 48. 120. 0. 72. 120. 0. 96. 120. 0. 120. 120.
  0. 144. 120. 0. 168. 120. 0. 192. 120. 0. 216. 120. 0. 0. 144. 0. 24.
  144. 0. 48. 144. 0. 72. 144. 0. 96. 144. 0. 120. 144. 0. 144. 144. 0.
  168. 144. 0. 192. 144. 0. 216. 144. 0.</world>
<camera>
  1.03151770e+003 7.60268921e+002 9.93471008e+002 7.60342896e+002
  9.55344482e+002 7.60644287e+002 9.17181458e+002 7.60734436e+002
  8.78915894e+002 7.60454407e+002 8.40803162e+002 7.60300903e+002
  8.02881042e+002 7.59811523e+002 7.65259888e+002 7.59299866e+002
  7.27688843e+002 7.58604309e+002 6.90741577e+002 7.57954773e+002
  1.03066016e+003 7.27537598e+002 9.93243774e+002 7.26875916e+002
  9.55542786e+002 7.27481323e+002 9.17879517e+002 7.27565125e+002
  8.80324463e+002 7.27360413e+002 8.42609741e+002 7.26718018e+002
  8.05138428e+002 7.26571045e+002 7.68034180e+002 7.26480835e+002
  7.31036682e+002 7.25954102e+002 6.94620789e+002 7.25755310e+002
  1.02963696e+003 6.95703430e+002 9.92771362e+002 6.94642029e+002
  9.55666382e+002 6.94575867e+002 9.18571838e+002 6.94558777e+002
  8.81415894e+002 6.94587830e+002 8.44315735e+002 6.93749084e+002
  8.07110168e+002 6.93476746e+002 7.70536804e+002 6.93405823e+002
  7.33921265e+002 6.93316711e+002 6.98128479e+002 6.93525696e+002
  1.02858118e+003 6.64876343e+002 9.92391846e+002 6.64010620e+002
  9.55698120e+002 6.63636597e+002 9.19084351e+002 6.62763245e+002
  8.82538147e+002 6.62622131e+002 8.45725769e+002 6.62379761e+002
  8.09399658e+002 6.62615540e+002 7.73353455e+002 6.63379822e+002
  7.37393921e+002 6.62851440e+002 7.01736816e+002 6.63141418e+002
  1.02755798e+003 6.35058105e+002 9.91611389e+002 6.34488281e+002
  9.55701782e+002 6.33521729e+002 9.19647217e+002 6.32951477e+002
  8.83468994e+002 6.32383972e+002 8.47466492e+002 6.32693359e+002
  8.11636719e+002 6.33572021e+002 7.76205566e+002 6.34282410e+002
  7.40832825e+002 6.34491943e+002 7.05622498e+002 6.34458557e+002
  1.02648608e+003 6.05361023e+002 9.91096619e+002 6.04409180e+002
  9.55645691e+002 6.04166687e+002 9.20213318e+002 6.04332825e+002
  8.84603882e+002 6.04422546e+002 8.49065918e+002 6.04260742e+002
  8.13775696e+002 6.05236633e+002 7.78731140e+002 6.05455811e+002
  7.43610718e+002 6.04662598e+002 7.09014099e+002 6.04659607e+002
  1.02525769e+003 5.77145874e+002 9.90450928e+002 5.76730103e+002
  9.55521301e+002 5.76547913e+002 9.20543091e+002 5.76614075e+002
  8.85548828e+002 5.76663025e+002 8.50554810e+002 5.76958130e+002
  8.15749268e+002 5.77202759e+002 7.81200623e+002 5.77189941e+002
  7.46602966e+002 5.76818665e+002 7.12463135e+002 5.76968628e+002</camera>
<projector>
  8.53134216e+002 6.99773499e+002 8.11772827e+002 6.99584778e+002
  7.72027588e+002 7.00721741e+002 7.33152588e+002 7.00880615e+002
  6.94681396e+002 7.00116394e+002 6.56549866e+002 7.00482361e+002
  6.18712280e+002 7.00906128e+002 5.81262573e+002 7.00455261e+002
  5.44845337e+002 7.01052063e+002 5.08969788e+002 7.00922974e+002
  8.60483459e+002 6.68870605e+002 8.19713440e+002 6.67747192e+002
  7.81179077e+002 6.68064392e+002 7.41893188e+002 6.69377747e+002
  7.03236145e+002 6.68712952e+002 6.65744995e+002 6.69087158e+002
  6.27759949e+002 6.69623779e+002 5.91371521e+002 6.69447327e+002
  5.54922058e+002 6.70247681e+002 5.19841614e+002 6.71063110e+002
  8.67754578e+002 6.37814941e+002 8.27776306e+002 6.36689758e+002
  7.88679688e+002 6.37050171e+002 7.50232666e+002 6.37426575e+002
  7.11382629e+002 6.38033936e+002 6.73747620e+002 6.37440613e+002
  6.36905640e+002 6.37209656e+002 6.01179382e+002 6.38062744e+002
  5.64761353e+002 6.39043823e+002 5.29464539e+002 6.41019287e+002
  8.75127258e+002 6.07627625e+002 8.34904907e+002 6.06939941e+002
  7.96577759e+002 6.07377136e+002 7.57719910e+002 6.06825562e+002
  7.20630249e+002 6.07368103e+002 6.83081787e+002 6.07027832e+002
  6.45861755e+002 6.08916016e+002 6.10311707e+002 6.10006226e+002
  5.74569946e+002 6.10927612e+002 5.40272827e+002 6.12084167e+002
  8.82177490e+002 5.78124268e+002 8.43143738e+002 5.77944519e+002
  8.04258972e+002 5.78162903e+002 7.66429199e+002 5.77877014e+002
  7.28114746e+002 5.77676575e+002 6.91308594e+002 5.79553284e+002
  6.56200195e+002 5.81756653e+002 6.20437622e+002 5.82942871e+002
  5.85464233e+002 5.83823730e+002 5.50782349e+002 5.84846741e+002
  8.87986389e+002 5.48653625e+002 8.49647705e+002 5.48096802e+002
  8.12073303e+002 5.49121094e+002 7.74113464e+002 5.49971558e+002
  7.37797363e+002 5.51066589e+002 7.00842834e+002 5.52069946e+002
  6.65467285e+002 5.54314270e+002 6.30267578e+002 5.55242065e+002
  5.94822998e+002 5.56174866e+002 5.59928528e+002 5.57139099e+002
  8.94490784e+002 5.20833557e+002 8.56199402e+002 5.21850830e+002
  8.19578857e+002 5.22912170e+002 7.82509705e+002 5.23946716e+002
  7.46023438e+002 5.25026794e+002 7.10074890e+002 5.26319519e+002
  6.74323730e+002 5.27316650e+002 6.38722229e+002 5.28442322e+002
  6.04239380e+002 5.29305786e+002 5.69109863e+002 5.30448303e+002</projector>
</opencv_storage>
