<?xml version="1.0"?>
<opencv_storage>
<world>
  0. 0. 0. 24. 0. 0. 48. 0. 0. 72. 0. 0. 96. 0. 0. 120. 0. 0. 144. 0. 0.
  168. 0. 0. 192. 0. 0. 216. 0. 0. 0. 24. 0. 24. 24. 0. 48. 24. 0. 72.
  24. 0. 96. 24. 0. 120. 24. 0. 144. 24. 0. 168. 24. 0. 192. 24. 0. 216.
  24. 0. 0. 48. 0. 24. 48. 0. 48. 48. 0. 72. 48. 0. 96. 48. 0. 120. 48.
  0. 144. 48. 0. 168. 48. 0. 192. 48. 0. 216. 48. 0. 0. 72. 0. 24. 72.
  0. 48. 72. 0. 72. 72. 0. 96. 72. 0. 120. 72. 0. 144. 72. 0. 168. 72.
  0. 192. 72. 0. 216. 72. 0. 0. 96. 0. 24. 96. 0. 48. 96. 0. 72. 96. 0.
  96. 96. 0. 120. 96. 0. 144. 96. 0. 168. 96. 0. 192. 96. 0. 216. 96. 0.
  0. 120. 0. 24. 120. 0. 48. 120. 0. 72. 120. 0. 96. 120. 0. 120. 120.
  0. 144. 120. 0. 168. 120. 0. 192. 120. 0. 216. 120. 0. 0. 144. 0. 24.
  144. 0. 48. 144. 0. 72. 144. 0. 96. 144. 0. 120. 144. 0. 144. 144. 0.
  168. 144. 0. 192. 144. 0. 216. 144. 0.</world>
<camera>
  4.10142090e+002 2.07768188e+002 4.39998596e+002 2.13569107e+002
  4.68765900e+002 2.19489319e+002 4.96746094e+002 2.25378448e+002
  5.24218933e+002 2.30986267e+002 5.50763489e+002 2.36636200e+002
  5.76737793e+002 2.42236542e+002 6.01790710e+002 2.47670288e+002
  6.26388489e+002 2.53126785e+002 6.49972229e+002 2.58411591e+002
  4.07532654e+002 2.43138855e+002 4.38297150e+002 2.48288925e+002
  4.67167847e+002 2.53650925e+002 4.95262451e+002 2.59020782e+002
  5.22942078e+002 2.64262512e+002 5.50102478e+002 2.69309143e+002
  5.76060974e+002 2.74478119e+002 6.01143799e+002 2.79545624e+002
  6.25492859e+002 2.84373291e+002 6.48897827e+002 2.89422089e+002
  4.05191864e+002 2.79095825e+002 4.36428864e+002 2.83569580e+002
  4.66101288e+002 2.88269379e+002 4.94614014e+002 2.92928284e+002
  5.22316772e+002 2.97812897e+002 5.49783264e+002 3.02325104e+002
  5.76354248e+002 3.06797791e+002 6.01512390e+002 3.11458710e+002
  6.25728333e+002 3.16045624e+002 6.49192505e+002 3.20486237e+002
  4.02831024e+002 3.15441132e+002 4.34131683e+002 3.19399353e+002
  4.64171509e+002 3.23480042e+002 4.93660980e+002 3.27548950e+002
  5.21700256e+002 3.31707214e+002 5.49143005e+002 3.35865967e+002
  5.75090515e+002 3.40071930e+002 5.99500366e+002 3.44179047e+002
  6.24566711e+002 3.48218597e+002 6.48050537e+002 3.52182526e+002
  4.00634918e+002 3.52104980e+002 4.31708771e+002 3.55609955e+002
  4.62335175e+002 3.59183807e+002 4.91728943e+002 3.62710602e+002
  5.20429565e+002 3.66389984e+002 5.47268494e+002 3.70035919e+002
  5.72645752e+002 3.73662415e+002 5.97518616e+002 3.77211182e+002
  6.21866089e+002 3.80646484e+002 6.46041809e+002 3.84101593e+002
  3.99349976e+002 3.89130646e+002 4.30994965e+002 3.91991913e+002
  4.61184845e+002 3.95132385e+002 4.89754547e+002 3.98259247e+002
  5.17811646e+002 4.01319489e+002 5.45379761e+002 4.04449646e+002
  5.70950806e+002 4.07541840e+002 5.96398010e+002 4.10457001e+002
  6.22220703e+002 4.13229462e+002 6.46443604e+002 4.16051239e+002
  3.97612396e+002 4.26420410e+002 4.28742065e+002 4.28936829e+002
  4.58907440e+002 4.31407806e+002 4.87793884e+002 4.33893768e+002
  5.16064270e+002 4.36542755e+002 5.43313721e+002 4.39047943e+002
  5.69624390e+002 4.41414215e+002 5.95536377e+002 4.43763000e+002
  6.21082092e+002 4.46133789e+002 6.45359070e+002 4.48368652e+002</camera>
<projector>
  2.25873657e+002 1.25159714e+002 2.62320923e+002 1.33376068e+002
  2.97876312e+002 1.40405777e+002 3.32476563e+002 1.48486557e+002
  3.65954468e+002 1.56447220e+002 3.99726440e+002 1.64383835e+002
  4.32609192e+002 1.71163422e+002 4.64527222e+002 1.79015808e+002
  4.95355957e+002 1.85671768e+002 5.26601990e+002 1.92386856e+002
  2.24860779e+002 1.63053879e+002 2.60874084e+002 1.70227844e+002
  2.96310638e+002 1.78528809e+002 3.30632721e+002 1.85624115e+002
  3.65295105e+002 1.92736130e+002 3.98717072e+002 1.99641006e+002
  4.31487183e+002 2.06637497e+002 4.63222931e+002 2.14564835e+002
  4.94112640e+002 2.20410400e+002 5.25347534e+002 2.27270584e+002
  2.22530045e+002 2.01459000e+002 2.59411713e+002 2.08793335e+002
  2.95566284e+002 2.15086441e+002 3.30873962e+002 2.22349350e+002
  3.64218231e+002 2.29514374e+002 3.98619720e+002 2.35551620e+002
  4.31259399e+002 2.42719360e+002 4.64238800e+002 2.48763062e+002
  4.95077454e+002 2.55904999e+002 5.25114319e+002 2.61870209e+002
  2.21202972e+002 2.39584259e+002 2.57947937e+002 2.45988190e+002
  2.93867157e+002 2.52428101e+002 3.30038025e+002 2.59899872e+002
  3.64188110e+002 2.66108215e+002 3.97474823e+002 2.72358521e+002
  4.30258545e+002 2.78672577e+002 4.61986725e+002 2.84972382e+002
  4.93905029e+002 2.91164795e+002 5.23863770e+002 2.97363525e+002
  2.19676193e+002 2.78312836e+002 2.56303406e+002 2.85041809e+002
  2.92056580e+002 2.90446655e+002 3.28034637e+002 2.96976074e+002
  3.62005707e+002 3.02347351e+002 3.95420380e+002 3.08884674e+002
  4.28343262e+002 3.15505402e+002 4.59987427e+002 3.20966461e+002
  4.90450867e+002 3.27248291e+002 5.21373840e+002 3.32570740e+002
  2.17555847e+002 3.16671356e+002 2.55327759e+002 3.22531525e+002
  2.91046417e+002 3.28255463e+002 3.26060516e+002 3.33968475e+002
  3.60191772e+002 3.39715637e+002 3.93418793e+002 3.45362885e+002
  4.26034119e+002 3.52120392e+002 4.57469696e+002 3.56480927e+002
  4.90137878e+002 3.62010468e+002 5.20872803e+002 3.67473938e+002
  2.16642136e+002 3.54957153e+002 2.53382629e+002 3.61058472e+002
  2.89026093e+002 3.65911163e+002 3.23978119e+002 3.71856293e+002
  3.58012756e+002 3.77765503e+002 3.91311096e+002 3.82614319e+002
  4.24793274e+002 3.87375885e+002 4.57238770e+002 3.93139465e+002
  4.88625641e+002 3.97681061e+002 5.19313782e+002 4.02223694e+002</projector>
</opencv_storage>
