<?xml version="1.0"?>
<opencv_storage>
<world>
  0. 0. 0. 24. 0. 0. 48. 0. 0. 72. 0. 0. 96. 0. 0. 120. 0. 0. 144. 0. 0.
  168. 0. 0. 192. 0. 0. 216. 0. 0. 0. 24. 0. 24. 24. 0. 48. 24. 0. 72.
  24. 0. 96. 24. 0. 120. 24. 0. 144. 24. 0. 168. 24. 0. 192. 24. 0. 216.
  24. 0. 0. 48. 0. 24. 48. 0. 48. 48. 0. 72. 48. 0. 96. 48. 0. 120. 48.
  0. 144. 48. 0. 168. 48. 0. 192. 48. 0. 216. 48. 0. 0. 72. 0. 24. 72.
  0. 48. 72. 0. 72. 72. 0. 96. 72. 0. 120. 72. 0. 144. 72. 0. 168. 72.
  0. 192. 72. 0. 216. 72. 0. 0. 96. 0. 24. 96. 0. 48. 96. 0. 72. 96. 0.
  96. 96. 0. 120. 96. 0. 144. 96. 0. 168. 96. 0. 192. 96. 0. 216. 96. 0.
  0. 120. 0. 24. 120. 0. 48. 120. 0. 72. 120. 0. 96. 120. 0. 120. 120.
  0. 144. 120. 0. 168. 120. 0. 192. 120. 0. 216. 120. 0. 0. 144. 0. 24.
  144. 0. 48. 144. 0. 72. 144. 0. 96. 144. 0. 120. 144. 0. 144. 144. 0.
  168. 144. 0. 192. 144. 0. 216. 144. 0.</world>
<camera>
  3.09917999e+002 3.36696594e+002 3.49462463e+002 3.37324524e+002
  3.89211945e+002 3.38001404e+002 4.29062134e+002 3.39178284e+002
  4.68963776e+002 3.40109802e+002 5.08872284e+002 3.41463196e+002
  5.48844910e+002 3.42802612e+002 5.88597473e+002 3.44268890e+002
  6.28345398e+002 3.45708740e+002 6.67512146e+002 3.47606934e+002
  3.07588989e+002 3.77043365e+002 3.47185181e+002 3.77374451e+002
  3.86984283e+002 3.78108032e+002 4.26968323e+002 3.79167145e+002
  4.67077423e+002 3.80079559e+002 5.07325592e+002 3.81206573e+002
  5.47366516e+002 3.82413818e+002 5.87274170e+002 3.83713470e+002
  6.27052246e+002 3.85363159e+002 6.66343079e+002 3.86989929e+002
  3.05546295e+002 4.17622955e+002 3.45186462e+002 4.18039825e+002
  3.85046875e+002 4.18494720e+002 4.25251648e+002 4.19383789e+002
  4.65396484e+002 4.20347260e+002 5.05746765e+002 4.21219208e+002
  5.46175842e+002 4.22267181e+002 5.86348511e+002 4.23439758e+002
  6.26214844e+002 4.24880493e+002 6.65634338e+002 4.26409760e+002
  3.03852814e+002 4.58654968e+002 3.43503601e+002 4.59007782e+002
  3.83441223e+002 4.59459686e+002 4.23575165e+002 4.60107788e+002
  4.64052673e+002 4.60938568e+002 5.04561218e+002 4.61689240e+002
  5.45032410e+002 4.62799011e+002 5.85013489e+002 4.63772278e+002
  6.25241943e+002 4.65054382e+002 6.64589478e+002 4.66268219e+002
  3.02645233e+002 4.99671997e+002 3.42296356e+002 5.00289978e+002
  3.82159729e+002 5.00665588e+002 4.22446625e+002 5.01364014e+002
  4.62897308e+002 5.01965729e+002 5.03438385e+002 5.02854645e+002
  5.43614807e+002 5.03586670e+002 5.83622192e+002 5.04561096e+002
  6.23648560e+002 5.05427673e+002 6.63351135e+002 5.06425964e+002
  3.01501282e+002 5.40940491e+002 3.41175781e+002 5.41405640e+002
  3.81253937e+002 5.41900818e+002 4.21487244e+002 5.42575989e+002
  4.61816406e+002 5.43264404e+002 5.02506195e+002 5.43829163e+002
  5.42703308e+002 5.44555481e+002 5.82893250e+002 5.45265320e+002
  6.23315125e+002 5.45786987e+002 6.62946411e+002 5.46532471e+002
  3.00869995e+002 5.82246765e+002 3.40545807e+002 5.82704895e+002
  3.80525879e+002 5.83231934e+002 4.20855988e+002 5.83734985e+002
  4.61280304e+002 5.84387817e+002 5.01588959e+002 5.84898926e+002
  5.42091797e+002 5.85427063e+002 5.82377502e+002 5.85935425e+002
  6.22540710e+002 5.86454651e+002 6.62333191e+002 5.86889221e+002</camera>
<projector>
  9.95728607e+001 2.46577957e+002 1.40038422e+002 2.47389099e+002
  1.81564850e+002 2.48990143e+002 2.22956284e+002 2.50773422e+002
  2.64005707e+002 2.51969406e+002 3.04986694e+002 2.53424377e+002
  3.46327728e+002 2.55806824e+002 3.87670258e+002 2.56740326e+002
  4.27944580e+002 2.58701416e+002 4.69866180e+002 2.60580841e+002
  9.80401611e+001 2.87004608e+002 1.38213974e+002 2.87931732e+002
  1.79679871e+002 2.89577667e+002 2.20903015e+002 2.90937042e+002
  2.62041992e+002 2.92797363e+002 3.02647400e+002 2.93939270e+002
  3.43936523e+002 2.95458954e+002 3.85062958e+002 2.97838043e+002
  4.26546448e+002 2.98925873e+002 4.67282135e+002 3.00913635e+002
  9.61638184e+001 3.28129303e+002 1.36251160e+002 3.28845062e+002
  1.77364777e+002 3.29609680e+002 2.18144867e+002 3.31032074e+002
  2.59315247e+002 3.32985474e+002 3.00999878e+002 3.34037872e+002
  3.41901886e+002 3.35868866e+002 3.83020874e+002 3.36976044e+002
  4.24550293e+002 3.39290680e+002 4.66458954e+002 3.40830017e+002
  9.40686340e+001 3.69094849e+002 1.35259125e+002 3.70052277e+002
  1.75046814e+002 3.70602173e+002 2.16977127e+002 3.71995605e+002
  2.57610413e+002 3.73792633e+002 2.99292786e+002 3.75234985e+002
  3.40378723e+002 3.77018097e+002 3.81866302e+002 3.78804779e+002
  4.22977844e+002 3.80195374e+002 4.64819366e+002 3.81949493e+002
  9.30499954e+001 4.10131531e+002 1.33021439e+002 4.10977478e+002
  1.73732269e+002 4.12440094e+002 2.14411545e+002 4.13045471e+002
  2.56006775e+002 4.14834961e+002 2.97011261e+002 4.16570587e+002
  3.39274933e+002 4.18525208e+002 3.80409943e+002 4.20326080e+002
  4.21748047e+002 4.20960938e+002 4.62337341e+002 4.22809265e+002
  9.09770355e+001 4.50958771e+002 1.31211349e+002 4.51452057e+002
  1.72004578e+002 4.53133789e+002 2.12904907e+002 4.54930206e+002
  2.54945877e+002 4.55892609e+002 2.96614441e+002 4.57830963e+002
  3.37840759e+002 4.59815643e+002 3.78875122e+002 4.60684601e+002
  4.19717041e+002 4.62345856e+002 4.61146423e+002 4.64128174e+002
  8.91660004e+001 4.91656219e+002 1.30289383e+002 4.93416473e+002
  1.71345078e+002 4.94217896e+002 2.12186462e+002 4.96214874e+002
  2.53040543e+002 4.97034149e+002 2.94925079e+002 4.99078522e+002
  3.35845764e+002 5.00022919e+002 3.76850952e+002 5.01983215e+002
  4.18880859e+002 5.02972809e+002 4.59310486e+002 5.04876404e+002</projector>
</opencv_storage>
