<?xml version="1.0"?>
<opencv_storage>
<world>
  0. 0. 0. 24. 0. 0. 48. 0. 0. 72. 0. 0. 96. 0. 0. 120. 0. 0. 144. 0. 0.
  168. 0. 0. 192. 0. 0. 216. 0. 0. 0. 24. 0. 24. 24. 0. 48. 24. 0. 72.
  24. 0. 96. 24. 0. 120. 24. 0. 144. 24. 0. 168. 24. 0. 192. 24. 0. 216.
  24. 0. 0. 48. 0. 24. 48. 0. 48. 48. 0. 72. 48. 0. 96. 48. 0. 120. 48.
  0. 144. 48. 0. 168. 48. 0. 192. 48. 0. 216. 48. 0. 0. 72. 0. 24. 72.
  0. 48. 72. 0. 72. 72. 0. 96. 72. 0. 120. 72. 0. 144. 72. 0. 168. 72.
  0. 192. 72. 0. 216. 72. 0. 0. 96. 0. 24. 96. 0. 48. 96. 0. 72. 96. 0.
  96. 96. 0. 120. 96. 0. 144. 96. 0. 168. 96. 0. 192. 96. 0. 216. 96. 0.
  0. 120. 0. 24. 120. 0. 48. 120. 0. 72. 120. 0. 96. 120. 0. 120. 120.
  0. 144. 120. 0. 168. 120. 0. 192. 120. 0. 216. 120. 0. 0. 144. 0. 24.
  144. 0. 48. 144. 0. 72. 144. 0. 96. 144. 0. 120. 144. 0. 144. 144. 0.
  168. 144. 0. 192. 144. 0. 216. 144. 0.</world>
<camera>
  5.76484375e+002 5.05020569e+002 6.16859863e+002 5.05276611e+002
  6.57579834e+002 5.05353516e+002 6.98597534e+002 5.05654572e+002
  7.39537109e+002 5.06175140e+002 7.80779175e+002 5.06604401e+002
  8.22079651e+002 5.07137329e+002 8.63006104e+002 5.07570557e+002
  9.03991028e+002 5.08272614e+002 9.44549561e+002 5.08816895e+002
  5.75838440e+002 5.45883789e+002 6.16213379e+002 5.46288635e+002
  6.56912048e+002 5.46504272e+002 6.97906311e+002 5.46892456e+002
  7.39067688e+002 5.47372681e+002 7.80426331e+002 5.47631775e+002
  8.21496582e+002 5.48252441e+002 8.62567627e+002 5.48658447e+002
  9.03556824e+002 5.49244202e+002 9.44199951e+002 5.49562012e+002
  5.75535217e+002 5.86960693e+002 6.15570679e+002 5.87420715e+002
  6.56389099e+002 5.87573059e+002 6.97369690e+002 5.88208923e+002
  7.38542419e+002 5.88591064e+002 7.79851440e+002 5.89078186e+002
  8.21252197e+002 5.89401611e+002 8.62476746e+002 5.89726196e+002
  9.03346191e+002 5.90282532e+002 9.43931946e+002 5.90616699e+002
  5.75396240e+002 6.27725220e+002 6.15476440e+002 6.28404724e+002
  6.56112610e+002 6.28821777e+002 6.96983276e+002 6.29404419e+002
  7.38200500e+002 6.29842407e+002 7.79430542e+002 6.30366821e+002
  8.20729065e+002 6.30627991e+002 8.61708801e+002 6.30779785e+002
  9.02693115e+002 6.31258057e+002 9.43299805e+002 6.31397461e+002
  5.75467224e+002 6.68491821e+002 6.15536133e+002 6.69197632e+002
  6.55871887e+002 6.69658569e+002 6.96739929e+002 6.70480469e+002
  7.37758606e+002 6.71002563e+002 7.79110046e+002 6.71412476e+002
  8.20288513e+002 6.71440796e+002 8.61038879e+002 6.71587341e+002
  9.01800903e+002 6.71655396e+002 9.42431152e+002 6.71791077e+002
  5.75483765e+002 7.08999695e+002 6.15378113e+002 7.09878235e+002
  6.55753052e+002 7.10631348e+002 6.96622314e+002 7.11151978e+002
  7.37574463e+002 7.11572083e+002 7.78717285e+002 7.12055908e+002
  8.19636597e+002 7.12224304e+002 8.60584839e+002 7.12320251e+002
  9.01425720e+002 7.12520081e+002 9.41734802e+002 7.12473206e+002
  5.75704651e+002 7.49130981e+002 6.15689514e+002 7.50052490e+002
  6.56080811e+002 7.50690918e+002 6.96697449e+002 7.51408081e+002
  7.37461060e+002 7.51867798e+002 7.78508484e+002 7.52329407e+002
  8.19359619e+002 7.52492981e+002 8.60141479e+002 7.52656799e+002
  9.00658142e+002 7.52625916e+002 9.41008545e+002 7.52540466e+002</camera>
<projector>
  3.70036652e+002 4.19000305e+002 4.09540863e+002 4.17980713e+002
  4.49511749e+002 4.17318268e+002 4.89393097e+002 4.17703613e+002
  5.29220947e+002 4.16622559e+002 5.69665649e+002 4.16913849e+002
  6.10479065e+002 4.15799591e+002 6.51605530e+002 4.15809265e+002
  6.93318542e+002 4.14687805e+002 7.35849976e+002 4.14679291e+002
  3.69444458e+002 4.60214844e+002 4.07854706e+002 4.59371704e+002
  4.47481140e+002 4.59993347e+002 4.87344147e+002 4.58978516e+002
  5.27460327e+002 4.58288391e+002 5.67509766e+002 4.58515289e+002
  6.08221863e+002 4.57911835e+002 6.50578918e+002 4.58067291e+002
  6.92291931e+002 4.57373596e+002 7.33877747e+002 4.57640930e+002
  3.68649109e+002 5.01447876e+002 4.06574341e+002 5.00689880e+002
  4.45167358e+002 5.00925598e+002 4.84887512e+002 5.00137756e+002
  5.25823792e+002 5.00824554e+002 5.66043274e+002 5.00066559e+002
  6.06526672e+002 4.99508240e+002 6.47936829e+002 5.00038116e+002
  6.89802917e+002 4.99678497e+002 7.32732788e+002 5.00482086e+002
  3.66610809e+002 5.42906799e+002 4.05043304e+002 5.42215637e+002
  4.44392761e+002 5.42749207e+002 4.83843170e+002 5.41932739e+002
  5.23624634e+002 5.42303467e+002 5.63952637e+002 5.41941284e+002
  6.05953552e+002 5.42854919e+002 6.47326355e+002 5.42754822e+002
  6.89305542e+002 5.42587524e+002 7.31130981e+002 5.42558289e+002
  3.65747681e+002 5.83706421e+002 4.05052216e+002 5.83999878e+002
  4.43413483e+002 5.84392578e+002 4.82862122e+002 5.83916016e+002
  5.22890320e+002 5.84550598e+002 5.63172058e+002 5.84491333e+002
  6.04851746e+002 5.84563049e+002 6.46243103e+002 5.85990356e+002
  6.88383240e+002 5.86068481e+002 7.30025146e+002 5.86373596e+002
  3.64276428e+002 6.25328857e+002 4.02706696e+002 6.25592468e+002
  4.42228424e+002 6.26232239e+002 4.82062622e+002 6.26148315e+002
  5.22428772e+002 6.27216614e+002 5.63002136e+002 6.27281006e+002
  6.04218933e+002 6.27656311e+002 6.45899292e+002 6.27887024e+002
  6.86412781e+002 6.29227356e+002 7.29260254e+002 6.28623047e+002
  3.63886566e+002 6.66505432e+002 4.02445251e+002 6.67000427e+002
  4.41459381e+002 6.67852539e+002 4.81576599e+002 6.68014282e+002
  5.20872437e+002 6.69189636e+002 5.62765198e+002 6.69456604e+002
  6.02798889e+002 6.69759705e+002 6.44158386e+002 6.71476257e+002
  6.86094055e+002 6.71863464e+002 7.27793457e+002 6.72641113e+002</projector>
</opencv_storage>
