<?xml version="1.0"?>
<opencv_storage>
<world>
  0. 0. 0. 24. 0. 0. 48. 0. 0. 72. 0. 0. 96. 0. 0. 120. 0. 0. 144. 0. 0.
  168. 0. 0. 192. 0. 0. 216. 0. 0. 0. 24. 0. 24. 24. 0. 48. 24. 0. 72.
  24. 0. 96. 24. 0. 120. 24. 0. 144. 24. 0. 168. 24. 0. 192. 24. 0. 216.
  24. 0. 0. 48. 0. 24. 48. 0. 48. 48. 0. 72. 48. 0. 96. 48. 0. 120. 48.
  0. 144. 48. 0. 168. 48. 0. 192. 48. 0. 216. 48. 0. 0. 72. 0. 24. 72.
  0. 48. 72. 0. 72. 72. 0. 96. 72. 0. 120. 72. 0. 144. 72. 0. 168. 72.
  0. 192. 72. 0. 216. 72. 0. 0. 96. 0. 24. 96. 0. 48. 96. 0. 72. 96. 0.
  96. 96. 0. 120. 96. 0. 144. 96. 0. 168. 96. 0. 192. 96. 0. 216. 96. 0.
  0. 120. 0. 24. 120. 0. 48. 120. 0. 72. 120. 0. 96. 120. 0. 120. 120.
  0. 144. 120. 0. 168. 120. 0. 192. 120. 0. 216. 120. 0. 0. 144. 0. 24.
  144. 0. 48. 144. 0. 72. 144. 0. 96. 144. 0. 120. 144. 0. 144. 144. 0.
  168. 144. 0. 192. 144. 0. 216. 144. 0.</world>
<camera>
  1.35337207e+003 7.21108948e+002 1.33568323e+003 7.23585205e+002
  1.31730212e+003 7.26691589e+002 1.29795239e+003 7.29620422e+002
  1.27839380e+003 7.32472900e+002 1.25756299e+003 7.35456787e+002
  1.23621387e+003 7.38510071e+002 1.21407813e+003 7.41496765e+002
  1.19091162e+003 7.44610596e+002 1.16674365e+003 7.47897888e+002
  1.33869336e+003 6.95364990e+002 1.32164001e+003 6.96854553e+002
  1.30278540e+003 6.99548157e+002 1.28339502e+003 7.02114563e+002
  1.26356909e+003 7.04291931e+002 1.24327502e+003 7.06324646e+002
  1.22160596e+003 7.08808655e+002 1.19898596e+003 7.11635254e+002
  1.17552734e+003 7.14257813e+002 1.15107092e+003 7.17394531e+002
  1.32310242e+003 6.70146301e+002 1.30771826e+003 6.70453857e+002
  1.28915503e+003 6.72271179e+002 1.26962170e+003 6.73893860e+002
  1.24948523e+003 6.75984741e+002 1.22933533e+003 6.77145813e+002
  1.20787756e+003 6.78941040e+002 1.18532581e+003 6.81131775e+002
  1.16143274e+003 6.83497192e+002 1.13657507e+003 6.86134949e+002
  1.30922083e+003 6.45143982e+002 1.29260193e+003 6.45254517e+002
  1.27424390e+003 6.46406372e+002 1.25551733e+003 6.46857788e+002
  1.23554553e+003 6.48060303e+002 1.21474622e+003 6.49191772e+002
  1.19253589e+003 6.50956238e+002 1.16932251e+003 6.53446899e+002
  1.14584351e+003 6.54629395e+002 1.12113904e+003 6.56687927e+002
  1.29435449e+003 6.20623596e+002 1.27723596e+003 6.20713745e+002
  1.25937854e+003 6.20786438e+002 1.24037573e+003 6.21082336e+002
  1.22067163e+003 6.21394775e+002 1.19923755e+003 6.22618835e+002
  1.17650745e+003 6.24632507e+002 1.15335962e+003 6.26281128e+002
  1.12934448e+003 6.27612244e+002 1.10492175e+003 6.28704468e+002
  1.28106531e+003 5.95762939e+002 1.26390076e+003 5.95281067e+002
  1.24521375e+003 5.95403503e+002 1.22526245e+003 5.96103943e+002
  1.20474548e+003 5.96526062e+002 1.18368066e+003 5.96833496e+002
  1.16106018e+003 5.98391907e+002 1.13819495e+003 5.99125366e+002
  1.11532996e+003 5.98729187e+002 1.09081799e+003 5.99450256e+002
  1.26622156e+003 5.71907166e+002 1.24848438e+003 5.71611389e+002
  1.22973999e+003 5.71473999e+002 1.20986853e+003 5.71506836e+002
  1.18948108e+003 5.71606628e+002 1.16806604e+003 5.71830872e+002
  1.14603210e+003 5.72252563e+002 1.12339697e+003 5.72166382e+002
  1.09998645e+003 5.71786682e+002 1.07565125e+003 5.71912048e+002</camera>
<projector>
  1.33934607e+003 7.07635559e+002 1.30645752e+003 7.06786438e+002
  1.27103870e+003 7.05604431e+002 1.23648584e+003 7.04576294e+002
  1.20122180e+003 7.02328918e+002 1.16660950e+003 7.01094299e+002
  1.12910742e+003 7.00519836e+002 1.09319775e+003 6.97994873e+002
  1.05592346e+003 6.97357483e+002 1.01868542e+003 6.95766785e+002
  1.32617053e+003 6.77502258e+002 1.29337927e+003 6.75873840e+002
  1.25831848e+003 6.74880005e+002 1.22289282e+003 6.72822327e+002
  1.18956177e+003 6.71178162e+002 1.15354919e+003 6.69048828e+002
  1.11831470e+003 6.68000488e+002 1.08104773e+003 6.66748657e+002
  1.04507800e+003 6.64758301e+002 1.00664221e+003 6.63438965e+002
  1.30918604e+003 6.48094055e+002 1.28144165e+003 6.45166748e+002
  1.24592017e+003 6.43333618e+002 1.21216931e+003 6.41656433e+002
  1.17599377e+003 6.39782043e+002 1.14214661e+003 6.37270386e+002
  1.10743164e+003 6.35488464e+002 1.07074402e+003 6.33694214e+002
  1.03372864e+003 6.32011719e+002 9.97524780e+002 6.31409363e+002
  1.29624768e+003 6.19648987e+002 1.26680469e+003 6.16610962e+002
  1.23208875e+003 6.14236267e+002 1.20025830e+003 6.11979004e+002
  1.16612817e+003 6.09395447e+002 1.13121216e+003 6.06887512e+002
  1.09565198e+003 6.05636292e+002 1.05832642e+003 6.04306213e+002
  1.02274298e+003 6.02937683e+002 9.85664246e+002 6.01644409e+002
  1.28148560e+003 5.92538086e+002 1.25094226e+003 5.89425476e+002
  1.21854639e+003 5.86281372e+002 1.18572388e+003 5.83023010e+002
  1.15374683e+003 5.80008911e+002 1.11760913e+003 5.79159180e+002
  1.08285962e+003 5.78360046e+002 1.04621008e+003 5.76373169e+002
  1.00928418e+003 5.75187622e+002 9.73913513e+002 5.73096741e+002
  1.27077124e+003 5.64288940e+002 1.24055774e+003 5.60573242e+002
  1.20725452e+003 5.57652344e+002 1.17284595e+003 5.55899597e+002
  1.13972510e+003 5.54239929e+002 1.10613489e+003 5.51659912e+002
  1.07036926e+003 5.49967529e+002 1.03496350e+003 5.48179443e+002
  1.00015942e+003 5.45378296e+002 9.65129150e+002 5.42454285e+002
  1.25660876e+003 5.37169006e+002 1.22490125e+003 5.34762512e+002
  1.19415198e+003 5.31399109e+002 1.16054736e+003 5.30020508e+002
  1.12614868e+003 5.27484436e+002 1.09300085e+003 5.25183044e+002
  1.05886768e+003 5.22778931e+002 1.02377338e+003 5.20106201e+002
  9.89215698e+002 5.17533142e+002 9.54340271e+002 5.14959900e+002</projector>
</opencv_storage>
