<?xml version="1.0"?>
<opencv_storage>
<world>
  0. 0. 0. 24. 0. 0. 48. 0. 0. 72. 0. 0. 96. 0. 0. 120. 0. 0. 144. 0. 0.
  168. 0. 0. 192. 0. 0. 216. 0. 0. 0. 24. 0. 24. 24. 0. 48. 24. 0. 72.
  24. 0. 96. 24. 0. 120. 24. 0. 144. 24. 0. 168. 24. 0. 192. 24. 0. 216.
  24. 0. 0. 48. 0. 24. 48. 0. 48. 48. 0. 72. 48. 0. 96. 48. 0. 120. 48.
  0. 144. 48. 0. 168. 48. 0. 192. 48. 0. 216. 48. 0. 0. 72. 0. 24. 72.
  0. 48. 72. 0. 72. 72. 0. 96. 72. 0. 120. 72. 0. 144. 72. 0. 168. 72.
  0. 192. 72. 0. 216. 72. 0. 0. 96. 0. 24. 96. 0. 48. 96. 0. 72. 96. 0.
  96. 96. 0. 120. 96. 0. 144. 96. 0. 168. 96. 0. 192. 96. 0. 216. 96. 0.
  0. 120. 0. 24. 120. 0. 48. 120. 0. 72. 120. 0. 96. 120. 0. 120. 120.
  0. 144. 120. 0. 168. 120. 0. 192. 120. 0. 216. 120. 0. 0. 144. 0. 24.
  144. 0. 48. 144. 0. 72. 144. 0. 96. 144. 0. 120. 144. 0. 144. 144. 0.
  168. 144. 0. 192. 144. 0. 216. 144. 0.</world>
<camera>
  1.03361487e+003 5.11270752e+002 1.06247754e+003 5.11176910e+002
  1.09222095e+003 5.10987854e+002 1.12237646e+003 5.10856140e+002
  1.15273340e+003 5.10798462e+002 1.18417578e+003 5.10806305e+002
  1.21574939e+003 5.10804413e+002 1.24779480e+003 5.10834229e+002
  1.28038855e+003 5.10877838e+002 1.31325879e+003 5.11038727e+002
  1.03363049e+003 5.43697815e+002 1.06211963e+003 5.43952332e+002
  1.09172644e+003 5.44215576e+002 1.12211536e+003 5.44538696e+002
  1.15251733e+003 5.44756592e+002 1.18355127e+003 5.45130981e+002
  1.21527808e+003 5.45465393e+002 1.24747241e+003 5.45738281e+002
  1.28021960e+003 5.46268250e+002 1.31321143e+003 5.46617859e+002
  1.03369385e+003 5.76366699e+002 1.06177173e+003 5.76970276e+002
  1.09085840e+003 5.77478516e+002 1.12100073e+003 5.78199463e+002
  1.15179077e+003 5.78801453e+002 1.18260388e+003 5.79461792e+002
  1.21435022e+003 5.80198242e+002 1.24646436e+003 5.80835754e+002
  1.27922546e+003 5.81545288e+002 1.31253540e+003 5.82412292e+002
  1.03372900e+003 6.08685669e+002 1.06180701e+003 6.09589111e+002
  1.09084595e+003 6.10582703e+002 1.12047668e+003 6.11631104e+002
  1.15077954e+003 6.12736267e+002 1.18203259e+003 6.13688110e+002
  1.21401318e+003 6.14823303e+002 1.24641663e+003 6.15627197e+002
  1.27879285e+003 6.16777222e+002 1.31202795e+003 6.17691772e+002
  1.03382166e+003 6.40929504e+002 1.06217712e+003 6.42436096e+002
  1.09067505e+003 6.43684509e+002 1.12039014e+003 6.45219543e+002
  1.15050281e+003 6.46648071e+002 1.18187708e+003 6.47968384e+002
  1.21404553e+003 6.49191772e+002 1.24630408e+003 6.50441467e+002
  1.27887561e+003 6.51671204e+002 1.31175427e+003 6.53012268e+002
  1.03318469e+003 6.73217529e+002 1.06110266e+003 6.74932739e+002
  1.09030725e+003 6.76703369e+002 1.12031750e+003 6.78492004e+002
  1.15066162e+003 6.80151733e+002 1.18166162e+003 6.81764099e+002
  1.21365588e+003 6.83334473e+002 1.24564844e+003 6.84995239e+002
  1.27768433e+003 6.86794434e+002 1.31040759e+003 6.88480835e+002
  1.03275818e+003 7.05081360e+002 1.06131689e+003 7.07241211e+002
  1.09037695e+003 7.09296204e+002 1.12022156e+003 7.11325745e+002
  1.15050769e+003 7.13368652e+002 1.18152063e+003 7.15427307e+002
  1.21285266e+003 7.17388611e+002 1.24461316e+003 7.19421692e+002
  1.27672070e+003 7.21479919e+002 1.30939734e+003 7.23415161e+002</camera>
<projector>
  9.40732117e+002 4.61087860e+002 9.66931458e+002 4.57436340e+002
  9.95684814e+002 4.53557159e+002 1.02454395e+003 4.49850830e+002
  1.05444995e+003 4.45649170e+002 1.08485352e+003 4.41488434e+002
  1.11679382e+003 4.37014984e+002 1.14898193e+003 4.32521271e+002
  1.18197900e+003 4.27886780e+002 1.21664941e+003 4.23031006e+002
  9.40299622e+002 4.98929321e+002 9.66254700e+002 4.95422058e+002
  9.94783020e+002 4.91606964e+002 1.02380566e+003 4.89121460e+002
  1.05360217e+003 4.85043488e+002 1.08392566e+003 4.81003876e+002
  1.11481812e+003 4.76977997e+002 1.14742822e+003 4.73796906e+002
  1.18109302e+003 4.69353973e+002 1.21618921e+003 4.66022552e+002
  9.40046509e+002 5.35663879e+002 9.65747070e+002 5.33187073e+002
  9.93134399e+002 5.29736816e+002 1.02175317e+003 5.27099854e+002
  1.05191028e+003 5.24513794e+002 1.08204407e+003 5.20540405e+002
  1.11267615e+003 5.17738953e+002 1.14503235e+003 5.14935303e+002
  1.17942029e+003 5.11969604e+002 1.21546399e+003 5.07753784e+002
  9.39980835e+002 5.73760071e+002 9.65769226e+002 5.71437073e+002
  9.93019958e+002 5.68985291e+002 1.02043488e+003 5.66583008e+002
  1.05021167e+003 5.63835693e+002 1.08045361e+003 5.61466187e+002
  1.11258679e+003 5.58945496e+002 1.14547876e+003 5.56447144e+002
  1.17949878e+003 5.53657288e+002 1.21458728e+003 5.51025146e+002
  9.39928284e+002 6.10686157e+002 9.65909119e+002 6.08514404e+002
  9.93001831e+002 6.07303101e+002 1.02044025e+003 6.04940552e+002
  1.05028833e+003 6.03739502e+002 1.08095215e+003 6.01433777e+002
  1.11340417e+003 5.99311768e+002 1.14629871e+003 5.97025696e+002
  1.18033521e+003 5.95762695e+002 1.21520337e+003 5.93274353e+002
  9.38744568e+002 6.47770081e+002 9.64707886e+002 6.46760681e+002
  9.92027588e+002 6.45700867e+002 1.02070740e+003 6.43692871e+002
  1.05097205e+003 6.42703552e+002 1.08166418e+003 6.41763489e+002
  1.11414880e+003 6.39732300e+002 1.14695544e+003 6.38775024e+002
  1.17944080e+003 6.37579163e+002 1.21322058e+003 6.35476868e+002
  9.38763306e+002 6.85001465e+002 9.65095520e+002 6.84269470e+002
  9.92503601e+002 6.83484619e+002 1.02155420e+003 6.82711426e+002
  1.05172595e+003 6.81828430e+002 1.08260962e+003 6.81167603e+002
  1.11395154e+003 6.80453552e+002 1.14637866e+003 6.79582947e+002
  1.17908496e+003 6.78756592e+002 1.21289917e+003 6.77985107e+002</projector>
</opencv_storage>
