<?xml version="1.0"?>
<opencv_storage>
<world>
  0. 0. 0. 24. 0. 0. 48. 0. 0. 72. 0. 0. 96. 0. 0. 120. 0. 0. 144. 0. 0.
  168. 0. 0. 192. 0. 0. 216. 0. 0. 0. 24. 0. 24. 24. 0. 48. 24. 0. 72.
  24. 0. 96. 24. 0. 120. 24. 0. 144. 24. 0. 168. 24. 0. 192. 24. 0. 216.
  24. 0. 0. 48. 0. 24. 48. 0. 48. 48. 0. 72. 48. 0. 96. 48. 0. 120. 48.
  0. 144. 48. 0. 168. 48. 0. 192. 48. 0. 216. 48. 0. 0. 72. 0. 24. 72.
  0. 48. 72. 0. 72. 72. 0. 96. 72. 0. 120. 72. 0. 144. 72. 0. 168. 72.
  0. 192. 72. 0. 216. 72. 0. 0. 96. 0. 24. 96. 0. 48. 96. 0. 72. 96. 0.
  96. 96. 0. 120. 96. 0. 144. 96. 0. 168. 96. 0. 192. 96. 0. 216. 96. 0.
  0. 120. 0. 24. 120. 0. 48. 120. 0. 72. 120. 0. 96. 120. 0. 120. 120.
  0. 144. 120. 0. 168. 120. 0. 192. 120. 0. 216. 120. 0. 0. 144. 0. 24.
  144. 0. 48. 144. 0. 72. 144. 0. 96. 144. 0. 120. 144. 0. 144. 144. 0.
  168. 144. 0. 192. 144. 0. 216. 144. 0.</world>
<camera>
  1.08046582e+003 3.05675629e+002 1.12267371e+003 3.07893433e+002
  1.16431580e+003 3.10438232e+002 1.20470081e+003 3.13216034e+002
  1.24473743e+003 3.15684906e+002 1.28385144e+003 3.18733215e+002
  1.32210352e+003 3.21543427e+002 1.35918213e+003 3.24586121e+002
  1.39551257e+003 3.27655243e+002 1.43061218e+003 3.30924530e+002
  1.08054883e+003 3.49002350e+002 1.12350989e+003 3.50627930e+002
  1.16492761e+003 3.52922943e+002 1.20583789e+003 3.55347443e+002
  1.24605481e+003 3.57600037e+002 1.28542737e+003 3.60054321e+002
  1.32377258e+003 3.62760925e+002 1.36067419e+003 3.65481262e+002
  1.39700879e+003 3.68167297e+002 1.43213696e+003 3.71232910e+002
  1.08065320e+003 3.92563263e+002 1.12390796e+003 3.94029724e+002
  1.16602771e+003 3.95546753e+002 1.20706396e+003 3.97661804e+002
  1.24723157e+003 3.99854065e+002 1.28700256e+003 4.01861786e+002
  1.32570422e+003 4.04152710e+002 1.36285156e+003 4.06512878e+002
  1.39916650e+003 4.09083893e+002 1.43412537e+003 4.11507141e+002
  1.08057080e+003 4.36550873e+002 1.12376233e+003 4.37695923e+002
  1.16623474e+003 4.39369781e+002 1.20778833e+003 4.40887695e+002
  1.24841650e+003 4.42667938e+002 1.28792163e+003 4.44515045e+002
  1.32628723e+003 4.46438171e+002 1.36278491e+003 4.48389069e+002
  1.39958337e+003 4.50433624e+002 1.43456238e+003 4.52520874e+002
  1.08042334e+003 4.80894287e+002 1.12336597e+003 4.82033020e+002
  1.16591431e+003 4.83283875e+002 1.20752722e+003 4.84552094e+002
  1.24842798e+003 4.85820892e+002 1.28763049e+003 4.87415375e+002
  1.32544067e+003 4.89071503e+002 1.36243140e+003 4.90557068e+002
  1.39853064e+003 4.92129425e+002 1.43397217e+003 4.93584930e+002
  1.08000342e+003 5.25350708e+002 1.12326819e+003 5.26298401e+002
  1.16563232e+003 5.27273682e+002 1.20671680e+003 5.28367310e+002
  1.24720593e+003 5.29439453e+002 1.28673389e+003 5.30522095e+002
  1.32464771e+003 5.31575928e+002 1.36218030e+003 5.32745605e+002
  1.39923413e+003 5.33707581e+002 1.43462451e+003 5.34860840e+002
  1.07928552e+003 5.69766113e+002 1.12240234e+003 5.70561890e+002
  1.16453943e+003 5.71333069e+002 1.20572998e+003 5.72064514e+002
  1.24629089e+003 5.72790771e+002 1.28557800e+003 5.73459717e+002
  1.32412732e+003 5.74420776e+002 1.36170093e+003 5.75059387e+002
  1.39848889e+003 5.75616272e+002 1.43413000e+003 5.76426208e+002</camera>
<projector>
  8.36891541e+002 1.76407532e+002 8.83935730e+002 1.74286255e+002
  9.30199219e+002 1.72871964e+002 9.78086182e+002 1.72152069e+002
  1.02539819e+003 1.70626129e+002 1.07324255e+003 1.68873917e+002
  1.12237061e+003 1.68017120e+002 1.17000647e+003 1.66666321e+002
  1.22086121e+003 1.65292618e+002 1.27102039e+003 1.64310181e+002
  8.36109802e+002 2.22277283e+002 8.82320862e+002 2.20936508e+002
  9.28595215e+002 2.19358109e+002 9.76129517e+002 2.18359055e+002
  1.02355731e+003 2.17444931e+002 1.07075574e+003 2.15885178e+002
  1.12077942e+003 2.15323502e+002 1.16981421e+003 2.13601456e+002
  1.21877222e+003 2.12686890e+002 1.26871252e+003 2.11921860e+002
  8.34534058e+002 2.69162048e+002 8.80450317e+002 2.67134186e+002
  9.26791931e+002 2.66537170e+002 9.73873108e+002 2.64931580e+002
  1.02118958e+003 2.64113068e+002 1.07001550e+003 2.62493317e+002
  1.11941455e+003 2.61239105e+002 1.16847290e+003 2.61101868e+002
  1.21845508e+003 2.60149139e+002 1.26775549e+003 2.59433136e+002
  8.33235718e+002 3.15547394e+002 8.79084045e+002 3.14147461e+002
  9.25489258e+002 3.12116608e+002 9.72990662e+002 3.11687317e+002
  1.02025696e+003 3.10931427e+002 1.06872144e+003 3.10320679e+002
  1.11746863e+003 3.09469360e+002 1.16632178e+003 3.08613098e+002
  1.21733643e+003 3.07880798e+002 1.26715552e+003 3.09415466e+002
  8.31173218e+002 3.62078339e+002 8.77110535e+002 3.60796082e+002
  9.24270142e+002 3.59537689e+002 9.71799500e+002 3.59425842e+002
  1.01883624e+003 3.58381409e+002 1.06801453e+003 3.57755188e+002
  1.11546094e+003 3.57270905e+002 1.16457471e+003 3.58275360e+002
  1.21484387e+003 3.57350403e+002 1.26502783e+003 3.58000061e+002
  8.29815308e+002 4.07979065e+002 8.75631592e+002 4.07161804e+002
  9.23129456e+002 4.06479980e+002 9.70086243e+002 4.05997314e+002
  1.01740692e+003 4.05531647e+002 1.06666174e+003 4.07099884e+002
  1.11504419e+003 4.06789856e+002 1.16364990e+003 4.06281281e+002
  1.21336707e+003 4.05847809e+002 1.26411707e+003 4.05742981e+002
  8.27928955e+002 4.55073242e+002 8.74218628e+002 4.54984863e+002
  9.21901184e+002 4.53948181e+002 9.68892944e+002 4.54064148e+002
  1.01600641e+003 4.54282532e+002 1.06572058e+003 4.53078796e+002
  1.11346021e+003 4.53695496e+002 1.16305310e+003 4.53908539e+002
  1.21108716e+003 4.54326294e+002 1.26194641e+003 4.53331818e+002</projector>
</opencv_storage>
