<?xml version="1.0"?>
<opencv_storage>
<world>
  0. 0. 0. 24. 0. 0. 48. 0. 0. 72. 0. 0. 96. 0. 0. 120. 0. 0. 144. 0. 0.
  168. 0. 0. 192. 0. 0. 216. 0. 0. 0. 24. 0. 24. 24. 0. 48. 24. 0. 72.
  24. 0. 96. 24. 0. 120. 24. 0. 144. 24. 0. 168. 24. 0. 192. 24. 0. 216.
  24. 0. 0. 48. 0. 24. 48. 0. 48. 48. 0. 72. 48. 0. 96. 48. 0. 120. 48.
  0. 144. 48. 0. 168. 48. 0. 192. 48. 0. 216. 48. 0. 0. 72. 0. 24. 72.
  0. 48. 72. 0. 72. 72. 0. 96. 72. 0. 120. 72. 0. 144. 72. 0. 168. 72.
  0. 192. 72. 0. 216. 72. 0. 0. 96. 0. 24. 96. 0. 48. 96. 0. 72. 96. 0.
  96. 96. 0. 120. 96. 0. 144. 96. 0. 168. 96. 0. 192. 96. 0. 216. 96. 0.
  0. 120. 0. 24. 120. 0. 48. 120. 0. 72. 120. 0. 96. 120. 0. 120. 120.
  0. 144. 120. 0. 168. 120. 0. 192. 120. 0. 216. 120. 0. 0. 144. 0. 24.
  144. 0. 48. 144. 0. 72. 144. 0. 96. 144. 0. 120. 144. 0. 144. 144. 0.
  168. 144. 0. 192. 144. 0. 216. 144. 0.</world>
<camera>
  1.04700623e+003 2.43505371e+002 1.07181714e+003 2.48269760e+002
  1.09557520e+003 2.53027359e+002 1.11858923e+003 2.57777496e+002
  1.14124194e+003 2.62461670e+002 1.16285339e+003 2.67072906e+002
  1.18431128e+003 2.71595917e+002 1.20475354e+003 2.76037628e+002
  1.22472510e+003 2.80418243e+002 1.24429785e+003 2.84732178e+002
  1.04733276e+003 2.74506348e+002 1.07271716e+003 2.78685181e+002
  1.09646143e+003 2.83083008e+002 1.11951038e+003 2.87563538e+002
  1.14231982e+003 2.91837646e+002 1.16451855e+003 2.96030945e+002
  1.18569934e+003 3.00231873e+002 1.20610620e+003 3.04412506e+002
  1.22601135e+003 3.08368622e+002 1.24483813e+003 3.12417511e+002
  1.04740222e+003 3.06006042e+002 1.07341614e+003 3.09659912e+002
  1.09788818e+003 3.13543304e+002 1.12117615e+003 3.17497681e+002
  1.14377502e+003 3.21449066e+002 1.16636780e+003 3.25118744e+002
  1.18786841e+003 3.28909515e+002 1.20836169e+003 3.32686462e+002
  1.22801074e+003 3.36539886e+002 1.24667786e+003 3.40214264e+002
  1.04747021e+003 3.37614197e+002 1.07342090e+003 3.41112366e+002
  1.09810718e+003 3.44464081e+002 1.12235315e+003 3.47864990e+002
  1.14512207e+003 3.51342346e+002 1.16730115e+003 3.54681976e+002
  1.18830310e+003 3.58257202e+002 1.20808081e+003 3.61635925e+002
  1.22831165e+003 3.64918457e+002 1.24716309e+003 3.68319031e+002
  1.04721155e+003 3.69602448e+002 1.07279419e+003 3.72556580e+002
  1.09812561e+003 3.75578064e+002 1.12218970e+003 3.78625732e+002
  1.14534668e+003 3.81696411e+002 1.16693140e+003 3.84661560e+002
  1.18737842e+003 3.87905548e+002 1.20751733e+003 3.90780060e+002
  1.22696094e+003 3.93791046e+002 1.24647034e+003 3.96562683e+002
  1.04754236e+003 4.01689911e+002 1.07362903e+003 4.04374420e+002
  1.09838562e+003 4.06950073e+002 1.12159851e+003 4.09622131e+002
  1.14439294e+003 4.12370056e+002 1.16646863e+003 4.15058411e+002
  1.18691370e+003 4.17625183e+002 1.20746655e+003 4.20163391e+002
  1.22844592e+003 4.22505829e+002 1.24788306e+003 4.24998718e+002
  1.04734180e+003 4.34138275e+002 1.07269080e+003 4.36300049e+002
  1.09731946e+003 4.38580597e+002 1.12071997e+003 4.40829590e+002
  1.14363965e+003 4.43138397e+002 1.16556055e+003 4.45323700e+002
  1.18671265e+003 4.47506165e+002 1.20773083e+003 4.49531830e+002
  1.22826099e+003 4.51570526e+002 1.24773828e+003 4.53521851e+002</camera>
<projector>
  9.60237671e+002 1.46858673e+002 9.95520203e+002 1.50123215e+002
  1.03033118e+003 1.54741348e+002 1.06430627e+003 1.59491470e+002
  1.09735229e+003 1.63035095e+002 1.13108301e+003 1.67758148e+002
  1.16396008e+003 1.72593521e+002 1.19750696e+003 1.76227249e+002
  1.23006567e+003 1.79933228e+002 1.26176794e+003 1.84892212e+002
  9.58593628e+002 1.83990997e+002 9.94880981e+002 1.87605377e+002
  1.02809814e+003 1.91319351e+002 1.06346936e+003 1.96262772e+002
  1.09645752e+003 2.00075699e+002 1.13149683e+003 2.03792999e+002
  1.16443408e+003 2.07627563e+002 1.19638306e+003 2.11571991e+002
  1.22911548e+003 2.15521927e+002 1.26098730e+003 2.19638824e+002
  9.57155029e+002 2.20831833e+002 9.93082458e+002 2.24588959e+002
  1.02881555e+003 2.28640381e+002 1.06253979e+003 2.31357788e+002
  1.09698975e+003 2.35372604e+002 1.13029663e+003 2.39380829e+002
  1.16482190e+003 2.43566101e+002 1.19677197e+003 2.47751923e+002
  1.22969531e+003 2.52215576e+002 1.26184509e+003 2.55353592e+002
  9.55856262e+002 2.58574921e+002 9.91806091e+002 2.61539886e+002
  1.02726208e+003 2.64463379e+002 1.06211011e+003 2.68765991e+002
  1.09623877e+003 2.71721039e+002 1.12973328e+003 2.76188599e+002
  1.16295349e+003 2.79435577e+002 1.19523682e+003 2.84165619e+002
  1.22787744e+003 2.87456635e+002 1.26001855e+003 2.91077454e+002
  9.54767639e+002 2.96060242e+002 9.90710754e+002 2.99350494e+002
  1.02598145e+003 3.02560944e+002 1.06063159e+003 3.05801941e+002
  1.09468481e+003 3.09381897e+002 1.12853479e+003 3.12887695e+002
  1.16037366e+003 3.16677246e+002 1.19425903e+003 3.20433838e+002
  1.22516455e+003 3.24083679e+002 1.25670959e+003 3.27748596e+002
  9.54776367e+002 3.33157074e+002 9.90622925e+002 3.35604156e+002
  1.02461694e+003 3.39166687e+002 1.05957825e+003 3.42977417e+002
  1.09249878e+003 3.45625031e+002 1.12612427e+003 3.49607574e+002
  1.15943689e+003 3.53564392e+002 1.19136206e+003 3.56206512e+002
  1.22506335e+003 3.60062866e+002 1.25835608e+003 3.62911987e+002
  9.52427917e+002 3.70064240e+002 9.88517151e+002 3.72919250e+002
  1.02264923e+003 3.76907288e+002 1.05756946e+003 3.79907440e+002
  1.09190491e+003 3.82872040e+002 1.12555396e+003 3.85915558e+002
  1.15843164e+003 3.90205017e+002 1.19170032e+003 3.93183014e+002
  1.22384680e+003 3.96160736e+002 1.25702271e+003 3.99156647e+002</projector>
</opencv_storage>
