<?xml version="1.0"?>
<opencv_storage>
<world>
  0. 0. 0. 24. 0. 0. 48. 0. 0. 72. 0. 0. 96. 0. 0. 120. 0. 0. 144. 0. 0.
  168. 0. 0. 192. 0. 0. 216. 0. 0. 0. 24. 0. 24. 24. 0. 48. 24. 0. 72.
  24. 0. 96. 24. 0. 120. 24. 0. 144. 24. 0. 168. 24. 0. 192. 24. 0. 216.
  24. 0. 0. 48. 0. 24. 48. 0. 48. 48. 0. 72. 48. 0. 96. 48. 0. 120. 48.
  0. 144. 48. 0. 168. 48. 0. 192. 48. 0. 216. 48. 0. 0. 72. 0. 24. 72.
  0. 48. 72. 0. 72. 72. 0. 96. 72. 0. 120. 72. 0. 144. 72. 0. 168. 72.
  0. 192. 72. 0. 216. 72. 0. 0. 96. 0. 24. 96. 0. 48. 96. 0. 72. 96. 0.
  96. 96. 0. 120. 96. 0. 144. 96. 0. 168. 96. 0. 192. 96. 0. 216. 96. 0.
  0. 120. 0. 24. 120. 0. 48. 120. 0. 72. 120. 0. 96. 120. 0. 120. 120.
  0. 144. 120. 0. 168. 120. 0. 192. 120. 0. 216. 120. 0. 0. 144. 0. 24.
  144. 0. 48. 144. 0. 72. 144. 0. 96. 144. 0. 120. 144. 0. 144. 144. 0.
  168. 144. 0. 192. 144. 0. 216. 144. 0.</world>
<camera>
  8.40344727e+002 5.00689178e+002 8.70126038e+002 5.02533264e+002
  8.98333862e+002 5.04348785e+002 9.25273254e+002 5.06100922e+002
  9.51498840e+002 5.07850372e+002 9.76534790e+002 5.09576599e+002
  1.00063562e+003 5.11339569e+002 1.02398334e+003 5.12917480e+002
  1.04640735e+003 5.14535828e+002 1.06756897e+003 5.15933838e+002
  8.39497681e+002 5.41677795e+002 8.70376465e+002 5.42802185e+002
  8.98427490e+002 5.43675903e+002 9.25316040e+002 5.44809204e+002
  9.51576965e+002 5.45767578e+002 9.77317322e+002 5.46847778e+002
  1.00129169e+003 5.47673828e+002 1.02426746e+003 5.48723877e+002
  1.04641138e+003 5.49491882e+002 1.06723901e+003 5.50475159e+002
  8.38737732e+002 5.83063171e+002 8.70172119e+002 5.83292664e+002
  8.99134277e+002 5.83452026e+002 9.26515625e+002 5.83591919e+002
  9.52561096e+002 5.83895874e+002 9.78543396e+002 5.84175232e+002
  1.00288757e+003 5.84412354e+002 1.02584387e+003 5.84588074e+002
  1.04769531e+003 5.84784668e+002 1.06833936e+003 5.84981018e+002
  8.37992371e+002 6.24255737e+002 8.69102783e+002 6.23616455e+002
  8.98314758e+002 6.22992554e+002 9.26678528e+002 6.22564880e+002
  9.53279724e+002 6.22016418e+002 9.78596802e+002 6.21485840e+002
  1.00234760e+003 6.20888367e+002 1.02433667e+003 6.20397461e+002
  1.04674146e+003 6.19885864e+002 1.06757532e+003 6.19422180e+002
  8.36890137e+002 6.65252747e+002 8.67528442e+002 6.63802551e+002
  8.97384216e+002 6.62543213e+002 9.25510681e+002 6.61298523e+002
  9.52565308e+002 6.60122864e+002 9.77144348e+002 6.58695984e+002
  1.00008997e+003 6.57356995e+002 1.02246326e+003 6.56102356e+002
  1.04418616e+003 6.54834839e+002 1.06541736e+003 6.53658264e+002
  8.36791992e+002 7.06186584e+002 8.67875732e+002 7.04124634e+002
  8.96826477e+002 7.01910583e+002 9.24015869e+002 6.99754883e+002
  9.50223328e+002 6.97680542e+002 9.75398621e+002 6.95819092e+002
  9.98455383e+002 6.93590271e+002 1.02128986e+003 6.91712891e+002
  1.04462646e+003 6.89900452e+002 1.06600256e+003 6.88085327e+002
  8.36107544e+002 7.46680908e+002 8.66259338e+002 7.43675476e+002
  8.94831421e+002 7.40795166e+002 9.22276001e+002 7.37992676e+002
  9.48372681e+002 7.35231384e+002 9.73188232e+002 7.32455017e+002
  9.97133972e+002 7.29823486e+002 1.02052039e+003 7.27206543e+002
  1.04322681e+003 7.24664185e+002 1.06466895e+003 7.22217224e+002</camera>
<projector>
  6.31137878e+002 4.11607635e+002 6.69585205e+002 4.16636749e+002
  7.06555176e+002 4.20694000e+002 7.43143555e+002 4.25802063e+002
  7.78782715e+002 4.30756134e+002 8.15405457e+002 4.35882263e+002
  8.50002991e+002 4.39701660e+002 8.83731628e+002 4.44636871e+002
  9.16659607e+002 4.49580353e+002 9.50631165e+002 4.53469330e+002
  6.29079651e+002 4.53820862e+002 6.68391113e+002 4.58233826e+002
  7.05369873e+002 4.62629089e+002 7.41892517e+002 4.67043213e+002
  7.78994446e+002 4.71573761e+002 8.13898010e+002 4.75793884e+002
  8.48554688e+002 4.80110413e+002 8.82405762e+002 4.84378510e+002
  9.15665344e+002 4.87546844e+002 9.48217407e+002 4.91746185e+002
  6.28451660e+002 4.96060577e+002 6.67419067e+002 4.99722351e+002
  7.05389648e+002 5.03548584e+002 7.43023438e+002 5.08407166e+002
  7.78881409e+002 5.12124390e+002 8.15077881e+002 5.15756104e+002
  8.49652344e+002 5.19410950e+002 8.83668762e+002 5.24060852e+002
  9.17224609e+002 5.27842224e+002 9.48714355e+002 5.31320251e+002
  6.26585266e+002 5.38468445e+002 6.65797729e+002 5.42570313e+002
  7.03582703e+002 5.45678772e+002 7.41993164e+002 5.49899841e+002
  7.77518372e+002 5.52712036e+002 8.14090393e+002 5.55904419e+002
  8.47775574e+002 5.59946777e+002 8.80739868e+002 5.62934204e+002
  9.15511292e+002 5.67099304e+002 9.48639526e+002 5.70065552e+002
  6.24798096e+002 5.80982422e+002 6.64159668e+002 5.84595642e+002
  7.01746704e+002 5.87944885e+002 7.40271729e+002 5.90417603e+002
  7.77176025e+002 5.93955017e+002 8.11360779e+002 5.97320618e+002
  8.45387085e+002 5.99908936e+002 8.78266418e+002 6.03242920e+002
  9.11663147e+002 6.06496155e+002 9.43989868e+002 6.09609375e+002
  6.23858398e+002 6.23635071e+002 6.63169922e+002 6.26510498e+002
  7.01150269e+002 6.29466919e+002 7.37548523e+002 6.32387756e+002
  7.73625916e+002 6.35320618e+002 8.09081543e+002 6.38204407e+002
  8.42921997e+002 6.40924561e+002 8.76919800e+002 6.43500977e+002
  9.12697388e+002 6.46163452e+002 9.45017151e+002 6.48569580e+002
  6.21974487e+002 6.66601318e+002 6.60517395e+002 6.69004944e+002
  6.98672058e+002 6.71379272e+002 7.35250732e+002 6.73661255e+002
  7.71234558e+002 6.75853821e+002 8.06748962e+002 6.78012329e+002
  8.41659424e+002 6.81198181e+002 8.76940674e+002 6.83147217e+002
  9.09731140e+002 6.85804321e+002 9.43807495e+002 6.87546570e+002</projector>
</opencv_storage>
