<?xml version="1.0"?>
<opencv_storage>
<world>
  0. 0. 0. 24. 0. 0. 48. 0. 0. 72. 0. 0. 96. 0. 0. 120. 0. 0. 144. 0. 0.
  168. 0. 0. 192. 0. 0. 216. 0. 0. 0. 24. 0. 24. 24. 0. 48. 24. 0. 72.
  24. 0. 96. 24. 0. 120. 24. 0. 144. 24. 0. 168. 24. 0. 192. 24. 0. 216.
  24. 0. 0. 48. 0. 24. 48. 0. 48. 48. 0. 72. 48. 0. 96. 48. 0. 120. 48.
  0. 144. 48. 0. 168. 48. 0. 192. 48. 0. 216. 48. 0. 0. 72. 0. 24. 72.
  0. 48. 72. 0. 72. 72. 0. 96. 72. 0. 120. 72. 0. 144. 72. 0. 168. 72.
  0. 192. 72. 0. 216. 72. 0. 0. 96. 0. 24. 96. 0. 48. 96. 0. 72. 96. 0.
  96. 96. 0. 120. 96. 0. 144. 96. 0. 168. 96. 0. 192. 96. 0. 216. 96. 0.
  0. 120. 0. 24. 120. 0. 48. 120. 0. 72. 120. 0. 96. 120. 0. 120. 120.
  0. 144. 120. 0. 168. 120. 0. 192. 120. 0. 216. 120. 0. 0. 144. 0. 24.
  144. 0. 48. 144. 0. 72. 144. 0. 96. 144. 0. 120. 144. 0. 144. 144. 0.
  168. 144. 0. 192. 144. 0. 216. 144. 0.</world>
<camera>
  1.41935095e+003 7.52177612e+002 1.38679858e+003 7.53570435e+002
  1.35336304e+003 7.55500244e+002 1.31903394e+003 7.57199707e+002
  1.28403674e+003 7.58487671e+002 1.24809839e+003 7.59726501e+002
  1.21160583e+003 7.61085327e+002 1.17446008e+003 7.62260193e+002
  1.13641687e+003 7.63229980e+002 1.09784668e+003 7.64347595e+002
  1.41077795e+003 7.20404297e+002 1.37895801e+003 7.20797058e+002
  1.34570898e+003 7.22581970e+002 1.31164624e+003 7.23970520e+002
  1.27719824e+003 7.24850281e+002 1.24184351e+003 7.25572937e+002
  1.20565930e+003 7.26674622e+002 1.16887292e+003 7.27848145e+002
  1.13131079e+003 7.28637207e+002 1.09316724e+003 7.29870789e+002
  1.40214380e+003 6.89386475e+002 1.37095837e+003 6.89139465e+002
  1.33845105e+003 6.89778137e+002 1.30494006e+003 6.90626404e+002
  1.27056616e+003 6.91602356e+002 1.23576953e+003 6.91749756e+002
  1.20014502e+003 6.92488647e+002 1.16380847e+003 6.93279419e+002
  1.12650171e+003 6.94311707e+002 1.08883081e+003 6.95458984e+002
  1.39352466e+003 6.59330627e+002 1.36241760e+003 6.58919617e+002
  1.33041431e+003 6.59196350e+002 1.29772424e+003 6.58912781e+002
  1.26394592e+003 6.59217651e+002 1.22934741e+003 6.59543579e+002
  1.19390137e+003 6.60575195e+002 1.15763550e+003 6.61913086e+002
  1.12132800e+003 6.62214661e+002 1.08405396e+003 6.63070557e+002
  1.38474377e+003 6.30135193e+002 1.35373145e+003 6.29687378e+002
  1.32242212e+003 6.29279968e+002 1.28998657e+003 6.28945862e+002
  1.25676257e+003 6.28606689e+002 1.22240259e+003 6.29312866e+002
  1.18723108e+003 6.30635071e+002 1.15158093e+003 6.31527161e+002
  1.11543677e+003 6.32367432e+002 1.07899878e+003 6.32596252e+002
  1.37652356e+003 6.01004822e+002 1.34617004e+003 6.00118469e+002
  1.31478687e+003 5.99832092e+002 1.28228271e+003 6.00168274e+002
  1.24915356e+003 6.00336243e+002 1.21539746e+003 6.00291382e+002
  1.18068127e+003 6.01378418e+002 1.14568542e+003 6.01625671e+002
  1.11053162e+003 6.00985840e+002 1.07453711e+003 6.01199402e+002
  1.36809753e+003 5.73285767e+002 1.33753833e+003 5.72724670e+002
  1.30648010e+003 5.72461487e+002 1.27444250e+003 5.72410095e+002
  1.24176025e+003 5.72339355e+002 1.20839307e+003 5.72470825e+002
  1.17444641e+003 5.72533020e+002 1.14006360e+003 5.72365234e+002
  1.10519739e+003 5.71814270e+002 1.06969836e+003 5.71807190e+002</camera>
<projector>
  1.30720459e+003 6.90718384e+002 1.26033691e+003 6.90651245e+002
  1.21264697e+003 6.90722839e+002 1.16654944e+003 6.89999268e+002
  1.12033777e+003 6.89207092e+002 1.07407336e+003 6.89480408e+002
  1.02951843e+003 6.88833801e+002 9.83534912e+002 6.88287048e+002
  9.38776367e+002 6.87711365e+002 8.95274475e+002 6.87543152e+002
  1.30683240e+003 6.56206787e+002 1.25998767e+003 6.55429199e+002
  1.21354736e+003 6.56211487e+002 1.16747693e+003 6.55814758e+002
  1.12146545e+003 6.55484192e+002 1.07634766e+003 6.55045471e+002
  1.03179834e+003 6.54831970e+002 9.87067566e+002 6.54636780e+002
  9.42369568e+002 6.54887512e+002 8.99110657e+002 6.54795410e+002
  1.30527319e+003 6.22874146e+002 1.25979858e+003 6.21410400e+002
  1.21299243e+003 6.21289185e+002 1.16816357e+003 6.21406250e+002
  1.12334985e+003 6.21407288e+002 1.07842932e+003 6.20403076e+002
  1.03385742e+003 6.19550110e+002 9.90392090e+002 6.19900330e+002
  9.47068054e+002 6.20427612e+002 9.03830750e+002 6.20958618e+002
  1.30504126e+003 5.90978882e+002 1.25807947e+003 5.89966492e+002
  1.21308167e+003 5.89027588e+002 1.16930920e+003 5.88164917e+002
  1.12441235e+003 5.87454163e+002 1.07940588e+003 5.88033386e+002
  1.03628064e+003 5.88889832e+002 9.93210022e+002 5.89536987e+002
  9.49684326e+002 5.89153015e+002 9.07569641e+002 5.90258545e+002
  1.30318726e+003 5.59856384e+002 1.25806262e+003 5.59483948e+002
  1.21301672e+003 5.57771423e+002 1.16920251e+003 5.57323486e+002
  1.12557922e+003 5.57013367e+002 1.08125220e+003 5.56947998e+002
  1.03815002e+003 5.59044250e+002 9.96039063e+002 5.60149231e+002
  9.52626892e+002 5.60311096e+002 9.10897400e+002 5.61483765e+002
  1.30251099e+003 5.28612488e+002 1.25753015e+003 5.27524292e+002
  1.21395984e+003 5.27145630e+002 1.16937805e+003 5.27516846e+002
  1.12620972e+003 5.27991333e+002 1.08292883e+003 5.28101868e+002
  1.04108850e+003 5.29529114e+002 9.98582947e+002 5.30955872e+002
  9.57041199e+002 5.29964233e+002 9.15511719e+002 5.30074402e+002
  1.30057458e+003 4.98538452e+002 1.25723669e+003 4.98929352e+002
  1.21272571e+003 4.98341614e+002 1.16974316e+003 4.98950256e+002
  1.12768628e+003 4.99442841e+002 1.08441309e+003 4.99968536e+002
  1.04200293e+003 5.01540833e+002 1.00096838e+003 5.00999512e+002
  9.59203125e+002 5.01070801e+002 9.18719360e+002 5.01854279e+002</projector>
</opencv_storage>
