<?xml version="1.0"?>
<opencv_storage>
<world>
  0. 0. 0. 24. 0. 0. 48. 0. 0. 72. 0. 0. 96. 0. 0. 120. 0. 0. 144. 0. 0.
  168. 0. 0. 192. 0. 0. 216. 0. 0. 0. 24. 0. 24. 24. 0. 48. 24. 0. 72.
  24. 0. 96. 24. 0. 120. 24. 0. 144. 24. 0. 168. 24. 0. 192. 24. 0. 216.
  24. 0. 0. 48. 0. 24. 48. 0. 48. 48. 0. 72. 48. 0. 96. 48. 0. 120. 48.
  0. 144. 48. 0. 168. 48. 0. 192. 48. 0. 216. 48. 0. 0. 72. 0. 24. 72.
  0. 48. 72. 0. 72. 72. 0. 96. 72. 0. 120. 72. 0. 144. 72. 0. 168. 72.
  0. 192. 72. 0. 216. 72. 0. 0. 96. 0. 24. 96. 0. 48. 96. 0. 72. 96. 0.
  96. 96. 0. 120. 96. 0. 144. 96. 0. 168. 96. 0. 192. 96. 0. 216. 96. 0.
  0. 120. 0. 24. 120. 0. 48. 120. 0. 72. 120. 0. 96. 120. 0. 120. 120.
  0. 144. 120. 0. 168. 120. 0. 192. 120. 0. 216. 120. 0. 0. 144. 0. 24.
  144. 0. 48. 144. 0. 72. 144. 0. 96. 144. 0. 120. 144. 0. 144. 144. 0.
  168. 144. 0. 192. 144. 0. 216. 144. 0.</world>
<camera>
  3.25308197e+002 2.06664276e+002 3.60737518e+002 2.09129532e+002
  3.95892426e+002 2.11651642e+002 4.30942871e+002 2.14686508e+002
  4.65568878e+002 2.17503281e+002 4.99848755e+002 2.20743301e+002
  5.33892029e+002 2.23808807e+002 5.67490112e+002 2.27192398e+002
  6.00730286e+002 2.30476410e+002 6.33299438e+002 2.34019653e+002
  3.22179535e+002 2.42430359e+002 3.57975372e+002 2.44383560e+002
  3.93452484e+002 2.46899063e+002 4.28519196e+002 2.49527695e+002
  4.63430115e+002 2.52250946e+002 4.98187408e+002 2.55025513e+002
  5.32401367e+002 2.57828918e+002 5.65833069e+002 2.61085907e+002
  5.99299438e+002 2.64125519e+002 6.31695129e+002 2.67459778e+002
  3.19405762e+002 2.78627502e+002 3.55501495e+002 2.80322449e+002
  3.91285248e+002 2.82328857e+002 4.26679901e+002 2.84687561e+002
  4.61624512e+002 2.87248322e+002 4.96803619e+002 2.89559143e+002
  5.31312500e+002 2.92179108e+002 5.65231323e+002 2.95138367e+002
  5.98565857e+002 2.97915527e+002 6.31153076e+002 3.01189667e+002
  3.16849335e+002 3.15340973e+002 3.53121735e+002 3.16803925e+002
  3.89053101e+002 3.18537140e+002 4.24777252e+002 3.20469025e+002
  4.60141602e+002 3.22682831e+002 4.95271942e+002 3.24920624e+002
  5.29552246e+002 3.27408752e+002 5.63216919e+002 3.29949890e+002
  5.96976563e+002 3.32589569e+002 6.29590149e+002 3.35353577e+002
  3.14497498e+002 3.52308533e+002 3.50737823e+002 3.53662567e+002
  3.86838715e+002 3.55279938e+002 4.22677032e+002 3.57046326e+002
  4.58278412e+002 3.58873077e+002 4.93321503e+002 3.60944885e+002
  5.27429443e+002 3.63276489e+002 5.61289001e+002 3.65453308e+002
  5.94729919e+002 3.67635864e+002 6.27644836e+002 3.69992218e+002
  3.12518890e+002 3.89447479e+002 3.48963318e+002 3.90619415e+002
  3.85198456e+002 3.92053192e+002 4.20785919e+002 3.93618500e+002
  4.56198944e+002 3.95383453e+002 4.91447113e+002 3.97281555e+002
  5.25652222e+002 3.99192719e+002 5.59730164e+002 4.01022675e+002
  5.94076050e+002 4.02791779e+002 6.27308167e+002 4.04696960e+002
  3.10758606e+002 4.27033112e+002 3.47185303e+002 4.28154541e+002
  3.83303436e+002 4.29339752e+002 4.19130493e+002 4.30696106e+002
  4.54556610e+002 4.32176666e+002 4.89553436e+002 4.33601776e+002
  5.24325073e+002 4.35267395e+002 5.58670532e+002 4.36699036e+002
  5.92841492e+002 4.38225250e+002 6.26169189e+002 4.39759796e+002</camera>
<projector>
  1.31918915e+002 1.20680000e+002 1.72253952e+002 1.24048065e+002
  2.11556595e+002 1.28326370e+002 2.50808517e+002 1.32551132e+002
  2.90011292e+002 1.36545959e+002 3.28273285e+002 1.40453033e+002
  3.66588013e+002 1.44038834e+002 4.03836090e+002 1.47646133e+002
  4.42578644e+002 1.51088608e+002 4.79299622e+002 1.55504929e+002
  1.30242401e+002 1.58446045e+002 1.70179916e+002 1.61832779e+002
  2.09356491e+002 1.66196884e+002 2.49520264e+002 1.70423538e+002
  2.87421631e+002 1.73456985e+002 3.26469971e+002 1.77311981e+002
  3.64600555e+002 1.81298645e+002 4.02998291e+002 1.84929810e+002
  4.40382568e+002 1.88504501e+002 4.78319885e+002 1.92081772e+002
  1.28364319e+002 1.97837814e+002 1.69179504e+002 2.00229858e+002
  2.07883255e+002 2.03597580e+002 2.47807571e+002 2.07797058e+002
  2.86685150e+002 2.10984375e+002 3.25534149e+002 2.14990051e+002
  3.63454865e+002 2.17879913e+002 4.01734070e+002 2.21706406e+002
  4.40319427e+002 2.25564056e+002 4.77005951e+002 2.29311829e+002
  1.27399223e+002 2.35905762e+002 1.67014771e+002 2.39295029e+002
  2.06644409e+002 2.42688065e+002 2.46194778e+002 2.44925110e+002
  2.84736053e+002 2.49037903e+002 3.23572937e+002 2.52223938e+002
  3.62692108e+002 2.55378906e+002 3.99883301e+002 2.59450714e+002
  4.38291809e+002 2.63440643e+002 4.75900177e+002 2.66227081e+002
  1.25059128e+002 2.74571564e+002 1.65717270e+002 2.78211700e+002
  2.05169998e+002 2.80522217e+002 2.44543686e+002 2.83789398e+002
  2.83055145e+002 2.87081207e+002 3.21887207e+002 2.90424835e+002
  3.59991486e+002 2.93738770e+002 3.98207886e+002 2.96999390e+002
  4.36429077e+002 3.01012726e+002 4.73849731e+002 3.04141205e+002
  1.24469330e+002 3.12956543e+002 1.63874542e+002 3.16487793e+002
  2.03357315e+002 3.19038055e+002 2.42911301e+002 3.22548828e+002
  2.81474792e+002 3.24964813e+002 3.20162750e+002 3.28363861e+002
  3.59237762e+002 3.31854340e+002 3.97184296e+002 3.35052795e+002
  4.35012390e+002 3.38275177e+002 4.72404022e+002 3.41329712e+002
  1.22628510e+002 3.52107727e+002 1.62124649e+002 3.54809875e+002
  2.01578934e+002 3.57436554e+002 2.41162292e+002 3.61109924e+002
  2.80689941e+002 3.63684113e+002 3.19416077e+002 3.67258026e+002
  3.57023193e+002 3.69677551e+002 3.95910645e+002 3.73105316e+002
  4.33734833e+002 3.75285797e+002 4.71040253e+002 3.78697876e+002</projector>
</opencv_storage>
