<?xml version="1.0"?>
<opencv_storage>
<world>
  0. 0. 0. 24. 0. 0. 48. 0. 0. 72. 0. 0. 96. 0. 0. 120. 0. 0. 144. 0. 0.
  168. 0. 0. 192. 0. 0. 216. 0. 0. 0. 24. 0. 24. 24. 0. 48. 24. 0. 72.
  24. 0. 96. 24. 0. 120. 24. 0. 144. 24. 0. 168. 24. 0. 192. 24. 0. 216.
  24. 0. 0. 48. 0. 24. 48. 0. 48. 48. 0. 72. 48. 0. 96. 48. 0. 120. 48.
  0. 144. 48. 0. 168. 48. 0. 192. 48. 0. 216. 48. 0. 0. 72. 0. 24. 72.
  0. 48. 72. 0. 72. 72. 0. 96. 72. 0. 120. 72. 0. 144. 72. 0. 168. 72.
  0. 192. 72. 0. 216. 72. 0. 0. 96. 0. 24. 96. 0. 48. 96. 0. 72. 96. 0.
  96. 96. 0. 120. 96. 0. 144. 96. 0. 168. 96. 0. 192. 96. 0. 216. 96. 0.
  0. 120. 0. 24. 120. 0. 48. 120. 0. 72. 120. 0. 96. 120. 0. 120. 120.
  0. 144. 120. 0. 168. 120. 0. 192. 120. 0. 216. 120. 0. 0. 144. 0. 24.
  144. 0. 48. 144. 0. 72. 144. 0. 96. 144. 0. 120. 144. 0. 144. 144. 0.
  168. 144. 0. 192. 144. 0. 216. 144. 0.</world>
<camera>
  4.06004913e+002 4.84895050e+002 4.45454803e+002 4.85301971e+002
  4.84776428e+002 4.86263702e+002 5.23855225e+002 4.87237793e+002
  5.63060303e+002 4.87585724e+002 6.01838135e+002 4.88551544e+002
  6.40425720e+002 4.89300323e+002 6.78618469e+002 4.89892944e+002
  7.16485474e+002 4.90695801e+002 7.53760193e+002 4.91611084e+002
  4.05736969e+002 5.14531555e+002 4.45954773e+002 5.13667175e+002
  4.86058655e+002 5.14803040e+002 5.26051514e+002 5.15552979e+002
  5.65918579e+002 5.16167053e+002 6.05715820e+002 5.16305115e+002
  6.45047424e+002 5.17005615e+002 6.83839478e+002 5.17849365e+002
  7.22408264e+002 5.18544189e+002 7.60290955e+002 5.19681213e+002
  4.05673798e+002 5.45322327e+002 4.46834564e+002 5.43872803e+002
  4.87597992e+002 5.43677124e+002 5.28692688e+002 5.44211304e+002
  5.69346252e+002 5.44844238e+002 6.10057617e+002 5.44499573e+002
  6.50219849e+002 5.44596191e+002 6.89901550e+002 5.45395142e+002
  7.29048584e+002 5.46332825e+002 7.67585144e+002 5.47598755e+002
  4.05813446e+002 5.77307007e+002 4.47573792e+002 5.76206970e+002
  4.89503510e+002 5.75597778e+002 5.31341431e+002 5.74730896e+002
  5.72966614e+002 5.74710876e+002 6.14246155e+002 5.74724121e+002
  6.55187683e+002 5.75578186e+002 6.95273010e+002 5.76837158e+002
  7.35468445e+002 5.77081299e+002 7.74506958e+002 5.77854492e+002
  4.06180847e+002 6.10726990e+002 4.48829529e+002 6.09826294e+002
  4.91462280e+002 6.08669434e+002 5.34094238e+002 6.08036133e+002
  5.76502319e+002 6.07316711e+002 6.18610962e+002 6.07828491e+002
  6.59962952e+002 6.09134949e+002 7.00783997e+002 6.09776123e+002
  7.41443298e+002 6.10397949e+002 7.81356873e+002 6.10472717e+002
  4.06653900e+002 6.44605896e+002 4.50106018e+002 6.43208130e+002
  4.93651611e+002 6.42665283e+002 5.37099060e+002 6.42663696e+002
  5.80112671e+002 6.42701538e+002 6.23166077e+002 6.42445374e+002
  6.65315552e+002 6.43390747e+002 7.07100830e+002 6.43399719e+002
  7.48822998e+002 6.42165283e+002 7.89433777e+002 6.41803650e+002
  4.07418243e+002 6.80527161e+002 4.51648987e+002 6.79745667e+002
  4.95929932e+002 6.79199097e+002 5.40211914e+002 6.79093079e+002
  5.84181885e+002 6.78716980e+002 6.27806824e+002 6.78660767e+002
  6.71052856e+002 6.78352478e+002 7.13693665e+002 6.77586121e+002
  7.56030273e+002 6.76643188e+002 7.97392517e+002 6.75969849e+002</camera>
<projector>
  2.06502182e+002 4.02775177e+002 2.46957504e+002 4.03739410e+002
  2.88482239e+002 4.05600983e+002 3.28953278e+002 4.07517944e+002
  3.69423584e+002 4.09247223e+002 4.10043030e+002 4.11025940e+002
  4.50255951e+002 4.11777191e+002 4.91419189e+002 4.13517395e+002
  5.30812195e+002 4.15087769e+002 5.71899597e+002 4.16824371e+002
  2.00606216e+002 4.29010132e+002 2.41737152e+002 4.28987000e+002
  2.82945984e+002 4.30982330e+002 3.24220581e+002 4.32853699e+002
  3.65623810e+002 4.33884277e+002 4.07096985e+002 4.34744171e+002
  4.47833099e+002 4.36611603e+002 4.88888000e+002 4.38326691e+002
  5.29231567e+002 4.40281647e+002 5.70189209e+002 4.42129700e+002
  1.94744995e+002 4.54951294e+002 2.36383026e+002 4.54792969e+002
  2.78270081e+002 4.55798645e+002 3.20288483e+002 4.56867218e+002
  3.61285919e+002 4.58803833e+002 4.03600525e+002 4.58883972e+002
  4.45011383e+002 4.60762329e+002 4.87250336e+002 4.61960785e+002
  5.28575623e+002 4.64018402e+002 5.70457153e+002 4.67103210e+002
  1.88411789e+002 4.82326416e+002 2.30877289e+002 4.82276703e+002
  2.73294037e+002 4.83249756e+002 3.14910461e+002 4.83345398e+002
  3.57600281e+002 4.84342590e+002 3.99665741e+002 4.85494293e+002
  4.42191467e+002 4.87819702e+002 4.84189148e+002 4.90178284e+002
  5.26455688e+002 4.91457611e+002 5.69460876e+002 4.93928101e+002
  1.81623947e+002 5.11051605e+002 2.24931213e+002 5.11250977e+002
  2.67138611e+002 5.11247345e+002 3.10469269e+002 5.11449951e+002
  3.54054779e+002 5.11757233e+002 3.96911163e+002 5.14092041e+002
  4.39562714e+002 5.16771912e+002 4.82318420e+002 5.19335327e+002
  5.24356812e+002 5.20755798e+002 5.67049988e+002 5.22381714e+002
  1.75374680e+002 5.39230957e+002 2.18563400e+002 5.38490234e+002
  2.62471832e+002 5.39671021e+002 3.05704437e+002 5.41068298e+002
  3.49182312e+002 5.42698364e+002 3.93149109e+002 5.43349609e+002
  4.36433105e+002 5.46186035e+002 4.79895477e+002 5.47784729e+002
  5.23606384e+002 5.48397278e+002 5.66096069e+002 5.50140015e+002
  1.67818161e+002 5.68904053e+002 2.12823471e+002 5.69401611e+002
  2.56792938e+002 5.69895447e+002 3.00821930e+002 5.71539429e+002
  3.45016663e+002 5.73148560e+002 3.89565277e+002 5.75003235e+002
  4.33728027e+002 5.75977844e+002 4.77847717e+002 5.77827026e+002
  5.21517395e+002 5.78629944e+002 5.65022522e+002 5.79798584e+002</projector>
</opencv_storage>
