<?xml version="1.0"?>
<opencv_storage>
<world>
  0. 0. 0. 24. 0. 0. 48. 0. 0. 72. 0. 0. 96. 0. 0. 120. 0. 0. 144. 0. 0.
  168. 0. 0. 192. 0. 0. 216. 0. 0. 0. 24. 0. 24. 24. 0. 48. 24. 0. 72.
  24. 0. 96. 24. 0. 120. 24. 0. 144. 24. 0. 168. 24. 0. 192. 24. 0. 216.
  24. 0. 0. 48. 0. 24. 48. 0. 48. 48. 0. 72. 48. 0. 96. 48. 0. 120. 48.
  0. 144. 48. 0. 168. 48. 0. 192. 48. 0. 216. 48. 0. 0. 72. 0. 24. 72.
  0. 48. 72. 0. 72. 72. 0. 96. 72. 0. 120. 72. 0. 144. 72. 0. 168. 72.
  0. 192. 72. 0. 216. 72. 0. 0. 96. 0. 24. 96. 0. 48. 96. 0. 72. 96. 0.
  96. 96. 0. 120. 96. 0. 144. 96. 0. 168. 96. 0. 192. 96. 0. 216. 96. 0.
  0. 120. 0. 24. 120. 0. 48. 120. 0. 72. 120. 0. 96. 120. 0. 120. 120.
  0. 144. 120. 0. 168. 120. 0. 192. 120. 0. 216. 120. 0. 0. 144. 0. 24.
  144. 0. 48. 144. 0. 72. 144. 0. 96. 144. 0. 120. 144. 0. 144. 144. 0.
  168. 144. 0. 192. 144. 0. 216. 144. 0.</world>
<camera>
  1.07845874e+003 5.03812073e+002 1.11446777e+003 5.04417419e+002
  1.15023193e+003 5.04818512e+002 1.18548486e+003 5.05405518e+002
  1.22054431e+003 5.05990387e+002 1.25498401e+003 5.06672485e+002
  1.28922888e+003 5.07368439e+002 1.32276086e+003 5.08037292e+002
  1.35616455e+003 5.08780029e+002 1.38854651e+003 5.09433075e+002
  1.07818591e+003 5.40618225e+002 1.11439185e+003 5.40926331e+002
  1.14999548e+003 5.41250305e+002 1.18532776e+003 5.41735596e+002
  1.22045459e+003 5.42377808e+002 1.25518347e+003 5.42781250e+002
  1.28933179e+003 5.43375183e+002 1.32277820e+003 5.43838745e+002
  1.35608533e+003 5.44491699e+002 1.38840918e+003 5.45037720e+002
  1.07774146e+003 5.77315735e+002 1.11405713e+003 5.77597229e+002
  1.14978394e+003 5.77921143e+002 1.18535767e+003 5.78364258e+002
  1.22044507e+003 5.78708862e+002 1.25536450e+003 5.79118835e+002
  1.28964270e+003 5.79420959e+002 1.32322766e+003 5.79741150e+002
  1.35640820e+003 5.80266602e+002 1.38860974e+003 5.80551941e+002
  1.07721960e+003 6.13894775e+002 1.11339563e+003 6.14300049e+002
  1.14925916e+003 6.14475952e+002 1.18485571e+003 6.14794922e+002
  1.22026953e+003 6.15182495e+002 1.25482690e+003 6.15425537e+002
  1.28894104e+003 6.15522400e+002 1.32236462e+003 6.15553589e+002
  1.35558582e+003 6.15774109e+002 1.38790112e+003 6.16080994e+002
  1.07658630e+003 6.50447449e+002 1.11259473e+003 6.50673645e+002
  1.14848328e+003 6.50982117e+002 1.18418201e+003 6.51248962e+002
  1.21928455e+003 6.51471985e+002 1.25392456e+003 6.51480408e+002
  1.28765002e+003 6.51431091e+002 1.32086450e+003 6.51376526e+002
  1.35393823e+003 6.51295471e+002 1.38644312e+003 6.51274536e+002
  1.07586572e+003 6.86773682e+002 1.11203308e+003 6.87135925e+002
  1.14766748e+003 6.87274780e+002 1.18286523e+003 6.87422058e+002
  1.21797144e+003 6.87374084e+002 1.25254749e+003 6.87433289e+002
  1.28638318e+003 6.87167908e+002 1.31983960e+003 6.86908081e+002
  1.35323267e+003 6.86814880e+002 1.38565588e+003 6.86639221e+002
  1.07483398e+003 7.22827576e+002 1.11073645e+003 7.23121582e+002
  1.14642993e+003 7.23192871e+002 1.18169360e+003 7.23213501e+002
  1.21651477e+003 7.23152100e+002 1.25084424e+003 7.22901855e+002
  1.28483923e+003 7.22690125e+002 1.31848291e+003 7.22511108e+002
  1.35164197e+003 7.22266663e+002 1.38420007e+003 7.21619629e+002</camera>
<projector>
  9.28189148e+002 4.24600861e+002 9.68300110e+002 4.22618805e+002
  1.00956305e+003 4.21841339e+002 1.05057117e+003 4.19873474e+002
  1.09356213e+003 4.18905731e+002 1.13526929e+003 4.18047882e+002
  1.17816614e+003 4.15862762e+002 1.22198535e+003 4.14793213e+002
  1.26584778e+003 4.13717804e+002 1.31143738e+003 4.11404938e+002
  9.27474243e+002 4.65847290e+002 9.67310669e+002 4.64057922e+002
  1.00854327e+003 4.62595093e+002 1.04949194e+003 4.62113525e+002
  1.09128259e+003 4.60506805e+002 1.13391528e+003 4.59878906e+002
  1.17673523e+003 4.58223511e+002 1.22081946e+003 4.57649109e+002
  1.26481177e+003 4.56024750e+002 1.30911023e+003 4.55440674e+002
  9.26971741e+002 5.06022156e+002 9.66605103e+002 5.05640717e+002
  1.00742633e+003 5.04319702e+002 1.04818457e+003 5.03036865e+002
  1.08999231e+003 5.02905243e+002 1.13255188e+003 5.01588959e+002
  1.17653320e+003 5.00256348e+002 1.21938245e+003 5.00221252e+002
  1.26362830e+003 4.99112122e+002 1.30940051e+003 4.99159698e+002
  9.25602051e+002 5.47446777e+002 9.65322937e+002 5.46255066e+002
  1.00600800e+003 5.45211060e+002 1.04755786e+003 5.45297913e+002
  1.08907104e+003 5.44286255e+002 1.13189978e+003 5.43411499e+002
  1.17504456e+003 5.43980957e+002 1.21819250e+003 5.43406555e+002
  1.26380884e+003 5.42767395e+002 1.30819580e+003 5.42061096e+002
  9.25517639e+002 5.87906982e+002 9.65365662e+002 5.88242126e+002
  1.00482635e+003 5.87444885e+002 1.04645264e+003 5.86727966e+002
  1.08795874e+003 5.86154541e+002 1.13111084e+003 5.85910828e+002
  1.17466602e+003 5.85900208e+002 1.21782764e+003 5.85770752e+002
  1.26183472e+003 5.85441345e+002 1.30624512e+003 5.85372314e+002
  9.24111633e+002 6.29446960e+002 9.63915344e+002 6.28922791e+002
  1.00479486e+003 6.28586304e+002 1.04575269e+003 6.28479065e+002
  1.08765808e+003 6.28505005e+002 1.13079248e+003 6.28551758e+002
  1.17299023e+003 6.28994385e+002 1.21716309e+003 6.29143433e+002
  1.26089246e+003 6.29288025e+002 1.30632544e+003 6.29535217e+002
  9.23102112e+002 6.70366821e+002 9.63303345e+002 6.70327820e+002
  1.00322858e+003 6.70396484e+002 1.04545752e+003 6.70677063e+002
  1.08747095e+003 6.71067383e+002 1.12944360e+003 6.71587402e+002
  1.17259192e+003 6.72234741e+002 1.21534924e+003 6.72786316e+002
  1.26059534e+003 6.72194031e+002 1.30462683e+003 6.73036316e+002</projector>
</opencv_storage>
