<?xml version="1.0"?>
<opencv_storage>
<world>
  0. 0. 0. 24. 0. 0. 48. 0. 0. 72. 0. 0. 96. 0. 0. 120. 0. 0. 144. 0. 0.
  168. 0. 0. 192. 0. 0. 216. 0. 0. 0. 24. 0. 24. 24. 0. 48. 24. 0. 72.
  24. 0. 96. 24. 0. 120. 24. 0. 144. 24. 0. 168. 24. 0. 192. 24. 0. 216.
  24. 0. 0. 48. 0. 24. 48. 0. 48. 48. 0. 72. 48. 0. 96. 48. 0. 120. 48.
  0. 144. 48. 0. 168. 48. 0. 192. 48. 0. 216. 48. 0. 0. 72. 0. 24. 72.
  0. 48. 72. 0. 72. 72. 0. 96. 72. 0. 120. 72. 0. 144. 72. 0. 168. 72.
  0. 192. 72. 0. 216. 72. 0. 0. 96. 0. 24. 96. 0. 48. 96. 0. 72. 96. 0.
  96. 96. 0. 120. 96. 0. 144. 96. 0. 168. 96. 0. 192. 96. 0. 216. 96. 0.
  0. 120. 0. 24. 120. 0. 48. 120. 0. 72. 120. 0. 96. 120. 0. 120. 120.
  0. 144. 120. 0. 168. 120. 0. 192. 120. 0. 216. 120. 0. 0. 144. 0. 24.
  144. 0. 48. 144. 0. 72. 144. 0. 96. 144. 0. 120. 144. 0. 144. 144. 0.
  168. 144. 0. 192. 144. 0. 216. 144. 0.</world>
<camera>
  4.80234741e+002 5.14467468e+002 5.13583923e+002 5.15261047e+002
  5.46434143e+002 5.16042969e+002 5.78534790e+002 5.17099609e+002
  6.10408508e+002 5.17876221e+002 6.41441833e+002 5.18843628e+002
  6.72015198e+002 5.19657959e+002 7.01957520e+002 5.20709656e+002
  7.31406921e+002 5.21583130e+002 7.60121277e+002 5.22603577e+002
  4.79468781e+002 5.50294189e+002 5.13345703e+002 5.50738281e+002
  5.45840515e+002 5.51232849e+002 5.78150513e+002 5.51646484e+002
  6.09882568e+002 5.52450317e+002 6.41430786e+002 5.52901062e+002
  6.71954224e+002 5.53410583e+002 7.01641541e+002 5.54018860e+002
  7.31175232e+002 5.54563049e+002 7.59488464e+002 5.55172668e+002
  4.78936310e+002 5.86185974e+002 5.12896973e+002 5.86386230e+002
  5.45896973e+002 5.86525085e+002 5.78389282e+002 5.86671875e+002
  6.10043884e+002 5.86875427e+002 6.41673950e+002 5.87114563e+002
  6.72551636e+002 5.87269409e+002 7.02475159e+002 5.87414856e+002
  7.31554443e+002 5.87528687e+002 7.59734436e+002 5.87668457e+002
  4.78543823e+002 6.21931213e+002 5.12448242e+002 6.21801819e+002
  5.45466003e+002 6.21571472e+002 5.78409241e+002 6.21497986e+002
  6.10336182e+002 6.21377686e+002 6.41620789e+002 6.21238831e+002
  6.72066833e+002 6.20960693e+002 7.01367798e+002 6.20628113e+002
  7.30890259e+002 6.20515686e+002 7.59311096e+002 6.20338318e+002
  4.78178741e+002 6.57548950e+002 5.11754578e+002 6.57211853e+002
  5.45253540e+002 6.56689880e+002 5.77754456e+002 6.56437195e+002
  6.09973877e+002 6.55814331e+002 6.40992493e+002 6.55310852e+002
  6.70824219e+002 6.54546814e+002 7.00427490e+002 6.53807556e+002
  7.29356262e+002 6.53247009e+002 7.57970947e+002 6.52643921e+002
  4.78329010e+002 6.93260620e+002 5.12199402e+002 6.92590088e+002
  5.45229370e+002 6.91689697e+002 5.77362610e+002 6.90803162e+002
  6.09056641e+002 6.89953186e+002 6.40275330e+002 6.89121338e+002
  6.70224731e+002 6.87984131e+002 6.99792847e+002 6.86932251e+002
  7.29661072e+002 6.86167725e+002 7.58438477e+002 6.85093323e+002
  4.78474213e+002 7.28550781e+002 5.11803467e+002 7.27472534e+002
  5.44671143e+002 7.26419861e+002 5.76833557e+002 7.25157104e+002
  6.08495972e+002 7.23938660e+002 6.39403137e+002 7.22632141e+002
  6.69671265e+002 7.21279724e+002 6.99570862e+002 7.19994873e+002
  7.29277954e+002 7.18662659e+002 7.57836243e+002 7.17257446e+002</camera>
<projector>
  3.17362549e+002 4.57124207e+002 3.55466766e+002 4.60084381e+002
  3.91778717e+002 4.63060669e+002 4.29513245e+002 4.66180542e+002
  4.65040649e+002 4.68971161e+002 5.00876770e+002 4.71903412e+002
  5.37144226e+002 4.74741486e+002 5.72435730e+002 4.77654877e+002
  6.06969360e+002 4.80453796e+002 6.42021301e+002 4.83350342e+002
  3.15558136e+002 4.94596100e+002 3.53538208e+002 4.97697296e+002
  3.90991486e+002 4.99803619e+002 4.27507874e+002 5.02935699e+002
  4.64207397e+002 5.05057800e+002 4.99926758e+002 5.08003174e+002
  5.36141724e+002 5.10109222e+002 5.71553833e+002 5.13162292e+002
  6.06183289e+002 5.16301880e+002 6.40195190e+002 5.18261841e+002
  3.14824890e+002 5.32187805e+002 3.52743103e+002 5.34272949e+002
  3.89891083e+002 5.37468018e+002 4.26317902e+002 5.39676758e+002
  4.63095306e+002 5.41945496e+002 4.99920410e+002 5.44147705e+002
  5.36047607e+002 5.46370178e+002 5.70369995e+002 5.48565613e+002
  6.06314819e+002 5.52011963e+002 6.40430237e+002 5.54302795e+002
  3.13930176e+002 5.69880798e+002 3.50760315e+002 5.72017456e+002
  3.87888336e+002 5.74293457e+002 4.25333405e+002 5.75571655e+002
  4.61891632e+002 5.77922058e+002 4.98844788e+002 5.80367188e+002
  5.34115967e+002 5.82926636e+002 5.68597290e+002 5.85449951e+002
  6.04561584e+002 5.87991333e+002 6.38634338e+002 5.89437866e+002
  3.11711761e+002 6.07588806e+002 3.49817108e+002 6.08994324e+002
  3.86924011e+002 6.11327881e+002 4.24307800e+002 6.12733704e+002
  4.60950867e+002 6.15239624e+002 4.97023010e+002 6.16965088e+002
  5.32518738e+002 6.19837219e+002 5.67103027e+002 6.21536438e+002
  6.01842651e+002 6.23095215e+002 6.36924805e+002 6.25823914e+002
  3.10310974e+002 6.44330139e+002 3.48395508e+002 6.46845154e+002
  3.85717773e+002 6.48454346e+002 4.22314362e+002 6.50093018e+002
  4.59150330e+002 6.51950928e+002 4.95270020e+002 6.53763367e+002
  5.30773193e+002 6.55733093e+002 5.66366882e+002 6.57502014e+002
  6.01980896e+002 6.59198914e+002 6.35999817e+002 6.60975952e+002
  3.08791595e+002 6.82395325e+002 3.47202759e+002 6.83167114e+002
  3.84673340e+002 6.84936035e+002 4.21321045e+002 6.86855896e+002
  4.57170288e+002 6.88763306e+002 4.93360565e+002 6.90795227e+002
  5.29880554e+002 6.91796997e+002 5.65444580e+002 6.93765442e+002
  6.00090149e+002 6.95580627e+002 6.35225342e+002 6.96536438e+002</projector>
</opencv_storage>
