<?xml version="1.0"?>
<opencv_storage>
<world>
  0. 0. 0. 24. 0. 0. 48. 0. 0. 72. 0. 0. 96. 0. 0. 120. 0. 0. 144. 0. 0.
  168. 0. 0. 192. 0. 0. 216. 0. 0. 0. 24. 0. 24. 24. 0. 48. 24. 0. 72.
  24. 0. 96. 24. 0. 120. 24. 0. 144. 24. 0. 168. 24. 0. 192. 24. 0. 216.
  24. 0. 0. 48. 0. 24. 48. 0. 48. 48. 0. 72. 48. 0. 96. 48. 0. 120. 48.
  0. 144. 48. 0. 168. 48. 0. 192. 48. 0. 216. 48. 0. 0. 72. 0. 24. 72.
  0. 48. 72. 0. 72. 72. 0. 96. 72. 0. 120. 72. 0. 144. 72. 0. 168. 72.
  0. 192. 72. 0. 216. 72. 0. 0. 96. 0. 24. 96. 0. 48. 96. 0. 72. 96. 0.
  96. 96. 0. 120. 96. 0. 144. 96. 0. 168. 96. 0. 192. 96. 0. 216. 96. 0.
  0. 120. 0. 24. 120. 0. 48. 120. 0. 72. 120. 0. 96. 120. 0. 120. 120.
  0. 144. 120. 0. 168. 120. 0. 192. 120. 0. 216. 120. 0. 0. 144. 0. 24.
  144. 0. 48. 144. 0. 72. 144. 0. 96. 144. 0. 120. 144. 0. 144. 144. 0.
  168. 144. 0. 192. 144. 0. 216. 144. 0.</world>
<camera>
  1.07042126e+003 3.45273346e+002 1.10750732e+003 3.45664185e+002
  1.14450000e+003 3.46444946e+002 1.18110974e+003 3.47372009e+002
  1.21752832e+003 3.48226532e+002 1.25366541e+003 3.49364410e+002
  1.28940027e+003 3.50488525e+002 1.32460754e+003 3.51642609e+002
  1.35961121e+003 3.53190796e+002 1.39385327e+003 3.54633148e+002
  1.07055750e+003 3.82299866e+002 1.10786780e+003 3.82615845e+002
  1.14471338e+003 3.83314636e+002 1.18158887e+003 3.84201080e+002
  1.21824561e+003 3.85130219e+002 1.25453796e+003 3.85868134e+002
  1.29035876e+003 3.87156708e+002 1.32560974e+003 3.88362000e+002
  1.36049622e+003 3.89487244e+002 1.39460474e+003 3.91068695e+002
  1.07060022e+003 4.19575714e+002 1.10803845e+003 4.19945404e+002
  1.14513623e+003 4.20460175e+002 1.18227734e+003 4.21258820e+002
  1.21868774e+003 4.22083771e+002 1.25536316e+003 4.22897888e+002
  1.29130090e+003 4.23745575e+002 1.32669421e+003 4.25027832e+002
  1.36166797e+003 4.26208191e+002 1.39601599e+003 4.27443726e+002
  1.07053821e+003 4.57221252e+002 1.10802051e+003 4.57439270e+002
  1.14518372e+003 4.58006348e+002 1.18240259e+003 4.58677795e+002
  1.21917407e+003 4.59476288e+002 1.25562158e+003 4.60260803e+002
  1.29166724e+003 4.61241760e+002 1.32671753e+003 4.62177338e+002
  1.36211621e+003 4.63225281e+002 1.39622156e+003 4.64414124e+002
  1.07045618e+003 4.94809540e+002 1.10774805e+003 4.95323914e+002
  1.14498401e+003 4.95728516e+002 1.18228650e+003 4.96526093e+002
  1.21895825e+003 4.97207855e+002 1.25544653e+003 4.97872437e+002
  1.29113721e+003 4.98716980e+002 1.32644983e+003 4.99468872e+002
  1.36138696e+003 5.00471802e+002 1.39578418e+003 5.01308258e+002
  1.07004065e+003 5.32598816e+002 1.10747278e+003 5.33090881e+002
  1.14467883e+003 5.33568481e+002 1.18174976e+003 5.34301819e+002
  1.21851501e+003 5.34900513e+002 1.25488440e+003 5.35585815e+002
  1.29067651e+003 5.36338013e+002 1.32623071e+003 5.36932983e+002
  1.36161951e+003 5.37551453e+002 1.39602319e+003 5.38437805e+002
  1.06949988e+003 5.70422119e+002 1.10681641e+003 5.70890747e+002
  1.14424731e+003 5.71370117e+002 1.18109644e+003 5.72048645e+002
  1.21789709e+003 5.72650757e+002 1.25430896e+003 5.73230103e+002
  1.29029419e+003 5.73747009e+002 1.32569873e+003 5.74480103e+002
  1.36078979e+003 5.74942810e+002 1.39543689e+003 5.75489990e+002</camera>
<projector>
  9.08821655e+002 2.42236313e+002 9.49890625e+002 2.39504837e+002
  9.91117920e+002 2.35599426e+002 1.03197998e+003 2.32825058e+002
  1.07480994e+003 2.29622574e+002 1.11757849e+003 2.26412308e+002
  1.16045020e+003 2.23102722e+002 1.20526599e+003 2.20574097e+002
  1.25075330e+003 2.16700439e+002 1.29594739e+003 2.14202728e+002
  9.08579163e+002 2.83727020e+002 9.48172668e+002 2.81354034e+002
  9.89216309e+002 2.77855164e+002 1.03122009e+003 2.75297485e+002
  1.07269006e+003 2.72628784e+002 1.11633826e+003 2.69616058e+002
  1.15895911e+003 2.66738739e+002 1.20432068e+003 2.63539459e+002
  1.24828223e+003 2.60631256e+002 1.29506567e+003 2.58233887e+002
  9.07468445e+002 3.26199280e+002 9.46734985e+002 3.22866730e+002
  9.87332642e+002 3.19628418e+002 1.02890955e+003 3.17389435e+002
  1.07159741e+003 3.15002319e+002 1.11372974e+003 3.12476471e+002
  1.15744836e+003 3.09960693e+002 1.20239844e+003 3.07270538e+002
  1.24749939e+003 3.04721741e+002 1.29364246e+003 3.01865143e+002
  9.06683350e+002 3.67252350e+002 9.45967651e+002 3.64327545e+002
  9.86268005e+002 3.62486633e+002 1.02737488e+003 3.60524261e+002
  1.06968665e+003 3.57329193e+002 1.11333948e+003 3.55218140e+002
  1.15723169e+003 3.53218475e+002 1.20148682e+003 3.51295624e+002
  1.24658472e+003 3.49087708e+002 1.29191772e+003 3.46905121e+002
  9.04918823e+002 4.09452057e+002 9.45328918e+002 4.06844910e+002
  9.85468933e+002 4.05254456e+002 1.02654688e+003 4.03600250e+002
  1.06875732e+003 4.00824249e+002 1.11148267e+003 3.99387909e+002
  1.15575037e+003 3.98062775e+002 1.19976221e+003 3.95359070e+002
  1.24457739e+003 3.93678802e+002 1.29134119e+003 3.91829254e+002
  9.03992310e+002 4.51276001e+002 9.43223755e+002 4.48952148e+002
  9.84661316e+002 4.47829041e+002 1.02621802e+003 4.45619263e+002
  1.06880640e+003 4.44561249e+002 1.11135205e+003 4.43539948e+002
  1.15553638e+003 4.41432678e+002 1.19913806e+003 4.40281067e+002
  1.24508545e+003 4.38914886e+002 1.28990039e+003 4.36469116e+002
  9.02435059e+002 4.92182953e+002 9.43101746e+002 4.91413055e+002
  9.83545227e+002 4.89535217e+002 1.02516418e+003 4.88936768e+002
  1.06764868e+003 4.88267151e+002 1.11033459e+003 4.86492615e+002
  1.15410742e+003 4.85897827e+002 1.19866724e+003 4.83992706e+002
  1.24312805e+003 4.83121460e+002 1.28828516e+003 4.81367310e+002</projector>
</opencv_storage>
