<?xml version="1.0"?>
<opencv_storage>
<world>
  0. 0. 0. 24. 0. 0. 48. 0. 0. 72. 0. 0. 96. 0. 0. 120. 0. 0. 144. 0. 0.
  168. 0. 0. 192. 0. 0. 216. 0. 0. 0. 24. 0. 24. 24. 0. 48. 24. 0. 72.
  24. 0. 96. 24. 0. 120. 24. 0. 144. 24. 0. 168. 24. 0. 192. 24. 0. 216.
  24. 0. 0. 48. 0. 24. 48. 0. 48. 48. 0. 72. 48. 0. 96. 48. 0. 120. 48.
  0. 144. 48. 0. 168. 48. 0. 192. 48. 0. 216. 48. 0. 0. 72. 0. 24. 72.
  0. 48. 72. 0. 72. 72. 0. 96. 72. 0. 120. 72. 0. 144. 72. 0. 168. 72.
  0. 192. 72. 0. 216. 72. 0. 0. 96. 0. 24. 96. 0. 48. 96. 0. 72. 96. 0.
  96. 96. 0. 120. 96. 0. 144. 96. 0. 168. 96. 0. 192. 96. 0. 216. 96. 0.
  0. 120. 0. 24. 120. 0. 48. 120. 0. 72. 120. 0. 96. 120. 0. 120. 120.
  0. 144. 120. 0. 168. 120. 0. 192. 120. 0. 216. 120. 0. 0. 144. 0. 24.
  144. 0. 48. 144. 0. 72. 144. 0. 96. 144. 0. 120. 144. 0. 144. 144. 0.
  168. 144. 0. 192. 144. 0. 216. 144. 0.</world>
<camera>
  9.43868530e+002 4.92606537e+002 9.77900452e+002 4.92405518e+002
  1.01216864e+003 4.92624542e+002 1.04657092e+003 4.92853180e+002
  1.08120557e+003 4.92595001e+002 1.11612305e+003 4.92727264e+002
  1.15071521e+003 4.92810852e+002 1.18571741e+003 4.92858917e+002
  1.22049512e+003 4.92924408e+002 1.25535681e+003 4.93257874e+002
  9.38983704e+002 5.17378784e+002 9.73369019e+002 5.16355896e+002
  1.00816931e+003 5.16863098e+002 1.04337183e+003 5.17300049e+002
  1.07845227e+003 5.17209961e+002 1.11396411e+003 5.16843811e+002
  1.14940674e+003 5.17167053e+002 1.18479199e+003 5.17514648e+002
  1.22048364e+003 5.17647888e+002 1.25585461e+003 5.18561157e+002
  9.33762451e+002 5.43123230e+002 9.68639343e+002 5.41581177e+002
  1.00379993e+003 5.41318542e+002 1.03964746e+003 5.41426392e+002
  1.07552051e+003 5.41868591e+002 1.11164624e+003 5.41299438e+002
  1.14775281e+003 5.41266418e+002 1.18417761e+003 5.41648865e+002
  1.22031958e+003 5.42455750e+002 1.25647583e+003 5.43476807e+002
  9.28504883e+002 5.69514526e+002 9.63819885e+002 5.68585571e+002
  9.99759521e+002 5.68239319e+002 1.03586255e+003 5.67369934e+002
  1.07252039e+003 5.67439514e+002 1.10918848e+003 5.67438843e+002
  1.14636218e+003 5.68340088e+002 1.18290112e+003 5.69570862e+002
  1.22005750e+003 5.69676453e+002 1.25657117e+003 5.70690918e+002
  9.22981262e+002 5.97186890e+002 9.59045349e+002 5.96630432e+002
  9.95443665e+002 5.95840149e+002 1.03233557e+003 5.95560974e+002
  1.06934167e+003 5.95263550e+002 1.10680225e+003 5.96154358e+002
  1.14447119e+003 5.97551514e+002 1.18193030e+003 5.98641663e+002
  1.21952673e+003 5.99474243e+002 1.25671521e+003 5.99932373e+002
  9.16944946e+002 6.24755005e+002 9.53438904e+002 6.24182861e+002
  9.90736938e+002 6.24252991e+002 1.02837122e+003 6.24910889e+002
  1.06630090e+003 6.25492371e+002 1.10440308e+003 6.25840332e+002
  1.14255530e+003 6.27466919e+002 1.18065369e+003 6.28299805e+002
  1.21890515e+003 6.27657349e+002 1.25698303e+003 6.28175171e+002
  9.10854858e+002 6.54104248e+002 9.48299500e+002 6.54433105e+002
  9.86114319e+002 6.54705200e+002 1.02437000e+003 6.55518372e+002
  1.06279907e+003 6.56239929e+002 1.10164001e+003 6.57226563e+002
  1.14053589e+003 6.57862305e+002 1.17936023e+003 6.58363953e+002
  1.21841028e+003 6.58453125e+002 1.25707825e+003 6.58839722e+002</camera>
<projector>
  8.12846436e+002 4.31954742e+002 8.47136108e+002 4.28305420e+002
  8.81473877e+002 4.26758148e+002 9.17755066e+002 4.24004028e+002
  9.53165527e+002 4.21214539e+002 9.90263672e+002 4.18282532e+002
  1.02823926e+003 4.15296631e+002 1.06666577e+003 4.12154663e+002
  1.10487891e+003 4.09004211e+002 1.14530457e+003 4.05773010e+002
  7.99777161e+002 4.55432831e+002 8.33528992e+002 4.51846344e+002
  8.68549072e+002 4.50280090e+002 9.04488037e+002 4.47686615e+002
  9.40589905e+002 4.44979950e+002 9.78231384e+002 4.41999878e+002
  1.01581763e+003 4.39302246e+002 1.05481628e+003 4.37143250e+002
  1.09382410e+003 4.34330719e+002 1.13487952e+003 4.32271851e+002
  7.86433167e+002 4.80629059e+002 8.20525574e+002 4.76854095e+002
  8.55550903e+002 4.73342651e+002 8.91936584e+002 4.70767029e+002
  9.28580383e+002 4.69050598e+002 9.66041260e+002 4.65329163e+002
  1.00417700e+003 4.62633636e+002 1.04301831e+003 4.60756683e+002
  1.08307068e+003 4.58148834e+002 1.12431030e+003 4.56401367e+002
  7.72956055e+002 5.06477203e+002 8.06856934e+002 5.02946320e+002
  8.42369080e+002 4.99382660e+002 8.78253418e+002 4.95866974e+002
  9.15657410e+002 4.93079956e+002 9.52684204e+002 4.90502533e+002
  9.91730652e+002 4.88996368e+002 1.03130933e+003 4.88634216e+002
  1.07198865e+003 4.85972229e+002 1.11374329e+003 4.84546661e+002
  7.58662537e+002 5.32082092e+002 7.92986633e+002 5.29574219e+002
  8.28143188e+002 5.26056946e+002 8.64354248e+002 5.23463623e+002
  9.01532837e+002 5.20130859e+002 9.40488037e+002 5.18614380e+002
  9.79214233e+002 5.18567810e+002 1.01988397e+003 5.17367920e+002
  1.06134534e+003 5.14762390e+002 1.10224658e+003 5.13449036e+002
  7.43813110e+002 5.58133423e+002 7.78166504e+002 5.54786682e+002
  8.14880249e+002 5.52338745e+002 8.50947815e+002 5.51060791e+002
  8.89028015e+002 5.48897095e+002 9.27471008e+002 5.47629883e+002
  9.68137329e+002 5.46588440e+002 1.00819922e+003 5.45342590e+002
  1.04869751e+003 5.42873718e+002 1.09069739e+003 5.40757935e+002
  7.29106506e+002 5.85070679e+002 7.64233276e+002 5.82822876e+002
  8.00471375e+002 5.81487122e+002 8.37412292e+002 5.80420959e+002
  8.76186768e+002 5.78273865e+002 9.15354553e+002 5.77252136e+002
  9.55311707e+002 5.76182129e+002 9.95057312e+002 5.74152893e+002
  1.03648926e+003 5.71897705e+002 1.07885864e+003 5.70868774e+002</projector>
</opencv_storage>
