<?xml version="1.0"?>
<opencv_storage>
<world>
  0. 0. 0. 24. 0. 0. 48. 0. 0. 72. 0. 0. 96. 0. 0. 120. 0. 0. 144. 0. 0.
  168. 0. 0. 192. 0. 0. 216. 0. 0. 0. 24. 0. 24. 24. 0. 48. 24. 0. 72.
  24. 0. 96. 24. 0. 120. 24. 0. 144. 24. 0. 168. 24. 0. 192. 24. 0. 216.
  24. 0. 0. 48. 0. 24. 48. 0. 48. 48. 0. 72. 48. 0. 96. 48. 0. 120. 48.
  0. 144. 48. 0. 168. 48. 0. 192. 48. 0. 216. 48. 0. 0. 72. 0. 24. 72.
  0. 48. 72. 0. 72. 72. 0. 96. 72. 0. 120. 72. 0. 144. 72. 0. 168. 72.
  0. 192. 72. 0. 216. 72. 0. 0. 96. 0. 24. 96. 0. 48. 96. 0. 72. 96. 0.
  96. 96. 0. 120. 96. 0. 144. 96. 0. 168. 96. 0. 192. 96. 0. 216. 96. 0.
  0. 120. 0. 24. 120. 0. 48. 120. 0. 72. 120. 0. 96. 120. 0. 120. 120.
  0. 144. 120. 0. 168. 120. 0. 192. 120. 0. 216. 120. 0. 0. 144. 0. 24.
  144. 0. 48. 144. 0. 72. 144. 0. 96. 144. 0. 120. 144. 0. 144. 144. 0.
  168. 144. 0. 192. 144. 0. 216. 144. 0.</world>
<camera>
  1.03944421e+003 3.74473541e+002 1.07140649e+003 3.75500702e+002
  1.10287146e+003 3.76627594e+002 1.13433301e+003 3.77894897e+002
  1.16518884e+003 3.79360687e+002 1.19573926e+003 3.80695648e+002
  1.22603333e+003 3.82099854e+002 1.25576843e+003 3.83540009e+002
  1.28515796e+003 3.85235504e+002 1.31411975e+003 3.86770264e+002
  1.03932947e+003 4.06671204e+002 1.07143286e+003 4.07497284e+002
  1.10293396e+003 4.08561249e+002 1.13442236e+003 4.09690582e+002
  1.16540808e+003 4.11058350e+002 1.19631152e+003 4.12238647e+002
  1.22648035e+003 4.13469360e+002 1.25629321e+003 4.14969086e+002
  1.28559509e+003 4.16338562e+002 1.31443359e+003 4.17752808e+002
  1.03900793e+003 4.39224884e+002 1.07134546e+003 4.39797668e+002
  1.10311243e+003 4.40711731e+002 1.13465601e+003 4.41651276e+002
  1.16573499e+003 4.42917084e+002 1.19667493e+003 4.43819885e+002
  1.22717261e+003 4.45115326e+002 1.25693384e+003 4.46303833e+002
  1.28643176e+003 4.47523926e+002 1315. 4.48991089e+002 1.03870239e+003
  4.71594299e+002 1.07091357e+003 4.72349213e+002 1.10282288e+003
  4.73184479e+002 1.13462585e+003 4.73952759e+002 1.16599731e+003
  4.74980835e+002 1.19672412e+003 4.75799652e+002 1.22699194e+003
  4.76998474e+002 1.25661877e+003 4.78020386e+002 1.28636865e+003
  4.79201599e+002 1.31487646e+003 4.80346161e+002 1.03841602e+003
  5.04338806e+002 1.07046631e+003 5.04970581e+002 1.10256494e+003
  5.05532379e+002 1.13431384e+003 5.06510010e+002 1.16558679e+003
  5.07289490e+002 1.19641187e+003 5.08206848e+002 1.22635693e+003
  5.09099060e+002 1.25598291e+003 5.09789764e+002 1.28533887e+003
  5.10825500e+002 1.31436853e+003 5.11648102e+002 1.03789063e+003
  5.36897766e+002 1.07022546e+003 5.37489868e+002 1.10219006e+003
  5.38250977e+002 1.13361731e+003 5.38893982e+002 1.16467114e+003
  5.39553955e+002 1.19561792e+003 5.40468628e+002 1.22574268e+003
  5.41103333e+002 1.25548218e+003 5.41674255e+002 1.28546667e+003
  5.42479370e+002 1.31443652e+003 5.43270630e+002 1.03726123e+003
  5.69560181e+002 1.06942383e+003 5.70267029e+002 1.10129529e+003
  5.70703064e+002 1.13268579e+003 5.71378540e+002 1.16395557e+003
  5.71920105e+002 1.19462329e+003 5.72525574e+002 1.22492468e+003
  5.73208618e+002 1.25490454e+003 5.73651672e+002 1.28466028e+003
  5.74329895e+002 1.31380042e+003 5.74759094e+002</camera>
<projector>
  9.46147827e+002 3.00987152e+002 9.83509094e+002 3.00921997e+002
  1.02180011e+003 2.99679810e+002 1.05967505e+003 2.98439240e+002
  1.09807312e+003 2.97047607e+002 1.13746362e+003 2.96747131e+002
  1.17640601e+003 2.95202209e+002 1.21617236e+003 2.94804993e+002
  1.25550305e+003 2.93144867e+002 1.29602222e+003 2.92579468e+002
  9.45092346e+002 3.39238373e+002 9.82205872e+002 3.37076141e+002
  1.02039484e+003 3.37319336e+002 1.05816333e+003 3.36331940e+002
  1.09651172e+003 3.35281952e+002 1.13559680e+003 3.34034943e+002
  1.17450427e+003 3.32864960e+002 1.21427161e+003 3.32805573e+002
  1.25512854e+003 3.31480530e+002 1.29427844e+003 3.31468445e+002
  9.44273499e+002 3.76169952e+002 9.81060486e+002 3.75370697e+002
  1.01892151e+003 3.74664032e+002 1.05764441e+003 3.73846130e+002
  1.09605371e+003 3.73087250e+002 1.13494885e+003 3.72097046e+002
  1.17374463e+003 3.71393860e+002 1.21361255e+003 3.70402252e+002
  1.25312952e+003 3.70877197e+002 1.29390112e+003 3.69931885e+002
  9.43533203e+002 4.14139374e+002 9.80410583e+002 4.12482208e+002
  1.01809241e+003 4.11983063e+002 1.05650305e+003 4.11441040e+002
  1.09456592e+003 4.10896362e+002 1.13366382e+003 4.10346252e+002
  1.17272314e+003 4.09960785e+002 1.21281921e+003 4.09564819e+002
  1.25206152e+003 4.09062256e+002 1.29294983e+003 4.08616821e+002
  9.41796814e+002 4.50953400e+002 9.78719727e+002 4.50759399e+002
  1.01738879e+003 4.50426392e+002 1.05451770e+003 4.50179352e+002
  1.09382117e+003 4.48752930e+002 1.13184448e+003 4.48767822e+002
  1.17113000e+003 4.48790649e+002 1.21114209e+003 4.48768158e+002
  1.25041907e+003 4.48616699e+002 1.29085950e+003 4.48542694e+002
  9.41035950e+002 4.88668854e+002 9.77875122e+002 4.87504944e+002
  1.01556793e+003 4.87585510e+002 1.05423596e+003 4.87766296e+002
  1.09257581e+003 4.88018433e+002 1.13164258e+003 4.87104675e+002
  1.17086047e+003 4.87466461e+002 1.20926404e+003 4.87700317e+002
  1.24942712e+003 4.86491547e+002 1.28986035e+003 4.86791687e+002
  9.39411499e+002 5.26465271e+002 9.76439148e+002 5.25739197e+002
  1.01431036e+003 5.26179016e+002 1.05298535e+003 5.25508118e+002
  1.09128857e+003 5.26040710e+002 1.13044641e+003 5.26616577e+002
  1.16930652e+003 5.26054260e+002 1.20883899e+003 5.26589600e+002
  1.24917468e+003 5.25835327e+002 1.28946594e+003 5.26444519e+002</projector>
</opencv_storage>
