<?xml version="1.0"?>
<opencv_storage>
<world>
  0. 0. 0. 24. 0. 0. 48. 0. 0. 72. 0. 0. 96. 0. 0. 120. 0. 0. 144. 0. 0.
  168. 0. 0. 192. 0. 0. 216. 0. 0. 0. 24. 0. 24. 24. 0. 48. 24. 0. 72.
  24. 0. 96. 24. 0. 120. 24. 0. 144. 24. 0. 168. 24. 0. 192. 24. 0. 216.
  24. 0. 0. 48. 0. 24. 48. 0. 48. 48. 0. 72. 48. 0. 96. 48. 0. 120. 48.
  0. 144. 48. 0. 168. 48. 0. 192. 48. 0. 216. 48. 0. 0. 72. 0. 24. 72.
  0. 48. 72. 0. 72. 72. 0. 96. 72. 0. 120. 72. 0. 144. 72. 0. 168. 72.
  0. 192. 72. 0. 216. 72. 0. 0. 96. 0. 24. 96. 0. 48. 96. 0. 72. 96. 0.
  96. 96. 0. 120. 96. 0. 144. 96. 0. 168. 96. 0. 192. 96. 0. 216. 96. 0.
  0. 120. 0. 24. 120. 0. 48. 120. 0. 72. 120. 0. 96. 120. 0. 120. 120.
  0. 144. 120. 0. 168. 120. 0. 192. 120. 0. 216. 120. 0. 0. 144. 0. 24.
  144. 0. 48. 144. 0. 72. 144. 0. 96. 144. 0. 120. 144. 0. 144. 144. 0.
  168. 144. 0. 192. 144. 0. 216. 144. 0.</world>
<camera>
  3.64250977e+002 5.01206421e+002 4.07350037e+002 5.02324402e+002
  4.49508087e+002 5.03403168e+002 4.91174103e+002 5.04725189e+002
  5.31994751e+002 5.06023773e+002 5.71952942e+002 5.07334351e+002
  6.11352295e+002 5.08636719e+002 6.49558777e+002 5.09924744e+002
  6.87267517e+002 5.11329071e+002 7.23581055e+002 5.12598633e+002
  3.63377808e+002 5.46828613e+002 4.06725281e+002 5.47516174e+002
  4.48962158e+002 5.48189026e+002 4.90445923e+002 5.48918335e+002
  5.31468628e+002 5.49634460e+002 5.71845398e+002 5.50527832e+002
  6.11283691e+002 5.51254517e+002 6.49375122e+002 5.51855530e+002
  6.86816895e+002 5.52629578e+002 7.23010132e+002 5.53469299e+002
  3.62690308e+002 5.92637268e+002 4.06332214e+002 5.92904724e+002
  4.49014740e+002 5.93084045e+002 4.90811401e+002 5.93313049e+002
  5.31700073e+002 5.93456055e+002 5.72503052e+002 5.93627014e+002
  6.12059021e+002 5.93773804e+002 6.50403503e+002 5.94139709e+002
  6.87577332e+002 5.94338806e+002 7.23563599e+002 5.94462097e+002
  3.62430054e+002 6.38432678e+002 4.05881012e+002 6.38285645e+002
  4.48632568e+002 6.37770691e+002 4.90908813e+002 6.37630798e+002
  5.32200684e+002 6.37352600e+002 5.72505676e+002 6.37026978e+002
  6.11607300e+002 6.36594849e+002 6.49369507e+002 6.36066772e+002
  6.87110168e+002 6.35678406e+002 7.23237976e+002 6.35314880e+002
  3.62489105e+002 6.83769226e+002 4.05691650e+002 6.83227722e+002
  4.48523743e+002 6.82535828e+002 4.90612488e+002 6.81825989e+002
  5.31958008e+002 6.81163330e+002 5.71889954e+002 6.80257996e+002
  6.10459900e+002 6.79028625e+002 6.48435669e+002 6.77917908e+002
  6.85423218e+002 6.76813110e+002 7.21684631e+002 6.75773865e+002
  3.63298706e+002 7.29185364e+002 4.06561462e+002 7.28281006e+002
  4.49014160e+002 7.26931152e+002 4.90488220e+002 7.25627075e+002
  5.31323914e+002 7.24362366e+002 5.71483643e+002 7.22889832e+002
  6.09919067e+002 7.21191467e+002 6.48062195e+002 7.19527649e+002
  6.86156799e+002 7.18248901e+002 7.22487183e+002 7.16529663e+002
  3.64021362e+002 7.73989746e+002 4.06947754e+002 7.72481995e+002
  4.49139587e+002 7.70710083e+002 4.90426758e+002 7.68943054e+002
  5.31234802e+002 7.67158020e+002 5.70932739e+002 7.65172180e+002
  6.09849915e+002 7.63063049e+002 6.48211426e+002 7.61039429e+002
  6.85673401e+002 7.58954529e+002 7.22123474e+002 7.56756287e+002</camera>
<projector>
  1.27373665e+002 3.91809845e+002 1.72627930e+002 3.95482574e+002
  2.18186676e+002 3.99125946e+002 2.61714874e+002 4.03713226e+002
  3.05418671e+002 4.07131470e+002 3.48598694e+002 4.10646179e+002
  3.90964935e+002 4.14957520e+002 4.33844208e+002 4.18278198e+002
  4.74901703e+002 4.21465912e+002 5.16775208e+002 4.25840363e+002
  1.25460854e+002 4.36093231e+002 1.71542679e+002 4.39722534e+002
  2.15983627e+002 4.42647644e+002 2.59524689e+002 4.46377991e+002
  3.03208191e+002 4.50081909e+002 3.47227112e+002 4.53733124e+002
  3.89707031e+002 4.56480560e+002 4.31487793e+002 4.60057434e+002
  4.73836731e+002 4.63786499e+002 5.14661926e+002 4.66444946e+002
  1.24354530e+002 4.80292542e+002 1.69160004e+002 4.82982208e+002
  2.14368271e+002 4.85868561e+002 2.58892395e+002 4.88935059e+002
  3.02750061e+002 4.91881836e+002 3.46536499e+002 4.95853882e+002
  3.88930481e+002 4.98740326e+002 4.30827393e+002 5.01741638e+002
  4.73376495e+002 5.04847290e+002 5.14442871e+002 5.08033569e+002
  1.21909637e+002 5.23755981e+002 1.67904297e+002 5.26642212e+002
  2.13064194e+002 5.29682190e+002 2.57276917e+002 5.32687073e+002
  3.00898285e+002 5.34828979e+002 3.45028046e+002 5.38141418e+002
  3.87752991e+002 5.41592773e+002 4.28802216e+002 5.43998657e+002
  4.71233246e+002 5.47386597e+002 5.12378174e+002 5.49776184e+002
  1.20081749e+002 5.68284241e+002 1.66347031e+002 5.70579285e+002
  2.11444031e+002 5.73676941e+002 2.55793716e+002 5.75946472e+002
  2.99484436e+002 5.78322693e+002 3.42855377e+002 5.81040283e+002
  3.84798401e+002 5.83841614e+002 4.27005432e+002 5.86633301e+002
  4.68410614e+002 5.89239075e+002 5.10489258e+002 5.92002258e+002
  1.18663704e+002 6.12043823e+002 1.65018890e+002 6.14336487e+002
  2.09442154e+002 6.16825439e+002 2.53184113e+002 6.19503662e+002
  2.97253357e+002 6.21411560e+002 3.40571899e+002 6.24267212e+002
  3.83744507e+002 6.26427734e+002 4.25814056e+002 6.29268494e+002
  4.68035034e+002 6.31062866e+002 5.09047150e+002 6.33962524e+002
  1.17139885e+002 6.56385437e+002 1.62856018e+002 6.58027527e+002
  2.07567184e+002 6.60780090e+002 2.51487396e+002 6.62741150e+002
  2.95706665e+002 6.64795837e+002 3.39322784e+002 6.67012695e+002
  3.82266663e+002 6.69160095e+002 4.24341705e+002 6.71285583e+002
  4.66826202e+002 6.73378418e+002 5.07857544e+002 6.75587524e+002</projector>
</opencv_storage>
