<?xml version="1.0"?>
<opencv_storage>
<world>
  0. 0. 0. 24. 0. 0. 48. 0. 0. 72. 0. 0. 96. 0. 0. 120. 0. 0. 144. 0. 0.
  168. 0. 0. 192. 0. 0. 216. 0. 0. 0. 24. 0. 24. 24. 0. 48. 24. 0. 72.
  24. 0. 96. 24. 0. 120. 24. 0. 144. 24. 0. 168. 24. 0. 192. 24. 0. 216.
  24. 0. 0. 48. 0. 24. 48. 0. 48. 48. 0. 72. 48. 0. 96. 48. 0. 120. 48.
  0. 144. 48. 0. 168. 48. 0. 192. 48. 0. 216. 48. 0. 0. 72. 0. 24. 72.
  0. 48. 72. 0. 72. 72. 0. 96. 72. 0. 120. 72. 0. 144. 72. 0. 168. 72.
  0. 192. 72. 0. 216. 72. 0. 0. 96. 0. 24. 96. 0. 48. 96. 0. 72. 96. 0.
  96. 96. 0. 120. 96. 0. 144. 96. 0. 168. 96. 0. 192. 96. 0. 216. 96. 0.
  0. 120. 0. 24. 120. 0. 48. 120. 0. 72. 120. 0. 96. 120. 0. 120. 120.
  0. 144. 120. 0. 168. 120. 0. 192. 120. 0. 216. 120. 0. 0. 144. 0. 24.
  144. 0. 48. 144. 0. 72. 144. 0. 96. 144. 0. 120. 144. 0. 144. 144. 0.
  168. 144. 0. 192. 144. 0. 216. 144. 0.</world>
<camera>
  1.16555005e+003 7.60687073e+002 1.12943408e+003 7.62382996e+002
  1.09248584e+003 7.64406555e+002 1.05488464e+003 7.66184753e+002
  1.01665063e+003 7.67384277e+002 9.77764893e+002 7.68750366e+002
  9.38493835e+002 7.70137024e+002 8.98673096e+002 7.71170959e+002
  8.58506531e+002 7.72154724e+002 8.17926636e+002 7.73034851e+002
  1.15796875e+003 7.27846008e+002 1.12263013e+003 7.28562683e+002
  1.08601270e+003 7.30514954e+002 1.04889417e+003 7.31918640e+002
  1.01128381e+003 7.32899353e+002 9.72963806e+002 7.33796997e+002
  9.34143860e+002 7.34859314e+002 8.94808533e+002 7.36131470e+002
  8.55082031e+002 7.36892578e+002 8.15135132e+002 7.38182129e+002
  1.15048755e+003 6.95985474e+002 1.11573303e+003 6.95770264e+002
  1.07992676e+003 6.96703369e+002 1.04341260e+003 6.97637512e+002
  1.00602948e+003 6.98780212e+002 9.68379883e+002 6.99103027e+002
  9.30109009e+002 6.99745117e+002 8.91391479e+002 7.00745850e+002
  8.52040527e+002 7.01722534e+002 8.12585327e+002 7.03083313e+002
  1.14296167e+003 6.64839844e+002 1.10857532e+003 6.64729309e+002
  1.07342786e+003 6.65255981e+002 1.03758752e+003 6.65112793e+002
  1.00099200e+003 6.65544250e+002 9.63532043e+002 6.66158142e+002
  9.25716980e+002 6.67214905e+002 8.87367920e+002 6.68665039e+002
  8.48752319e+002 6.69079407e+002 8.09842773e+002 6.70221985e+002
  1.13556982e+003 6.34872986e+002 1.10144031e+003 6.34761414e+002
  1.06686804e+003 6.34482971e+002 1.03146716e+003 6.34406982e+002
  9.95429688e+002 6.34287292e+002 9.58438904e+002 6.35165833e+002
  9.21052979e+002 6.36648376e+002 8.83351440e+002 6.37720032e+002
  8.45364380e+002 6.38635315e+002 8.07179688e+002 6.39204590e+002
  1.12852832e+003 6.04900879e+002 1.09499304e+003 6.04311462e+002
  1.06072302e+003 6.04405029e+002 1.02537988e+003 6.04755371e+002
  9.89635803e+002 6.05226624e+002 9.53441895e+002 6.05392944e+002
  9.16530823e+002 6.06733582e+002 8.79609070e+002 6.07322021e+002
  8.42389526e+002 6.06791809e+002 8.04726929e+002 6.07307434e+002
  1.12142395e+003 5.76520142e+002 1.08793066e+003 5.76325806e+002
  1.05403735e+003 5.76220398e+002 1.01933716e+003 5.76417358e+002
  9.84157166e+002 5.76616089e+002 9.48323914e+002 5.76975647e+002
  9.12272339e+002 5.77273743e+002 8.75887817e+002 5.77328247e+002
  8.39152466e+002 5.77280518e+002 8.02233398e+002 5.77455750e+002</camera>
<projector>
  9.88584167e+002 6.94354187e+002 9.43557434e+002 6.93286438e+002
  8.99759033e+002 6.93352112e+002 8.56902161e+002 6.93650635e+002
  8.13883057e+002 6.92879822e+002 7.70408569e+002 6.93200623e+002
  7.26962524e+002 6.92624939e+002 6.85237854e+002 6.92203308e+002
  6.43087219e+002 6.91827209e+002 6.00684631e+002 6.91714172e+002
  9.88621338e+002 6.61697510e+002 9.45563782e+002 6.60871521e+002
  9.01771973e+002 6.61273987e+002 8.59065979e+002 6.60843140e+002
  8.15970093e+002 6.60447266e+002 7.73518494e+002 6.59993408e+002
  7.31138062e+002 6.59806824e+002 6.89435669e+002 6.59597961e+002
  6.47342773e+002 6.59688721e+002 6.05968811e+002 6.59755981e+002
  9.88582886e+002 6.29992920e+002 9.46675659e+002 6.28307800e+002
  9.03783813e+002 6.28041748e+002 8.60741211e+002 6.27853699e+002
  8.18908630e+002 6.27613708e+002 7.76376221e+002 6.26486816e+002
  7.34890869e+002 6.26513367e+002 6.93117188e+002 6.26704285e+002
  6.52139954e+002 6.26995911e+002 6.11897156e+002 6.27542725e+002
  9.89706177e+002 5.99348633e+002 9.47873413e+002 5.98131409e+002
  9.04942566e+002 5.96957825e+002 8.64117920e+002 5.95919312e+002
  8.21517151e+002 5.95919189e+002 7.80370972e+002 5.95232666e+002
  7.39126404e+002 5.95673279e+002 6.97273438e+002 5.97216125e+002
  6.57286804e+002 5.96720093e+002 6.16847412e+002 5.97462219e+002
  9.90600159e+002 5.69608459e+002 9.47645935e+002 5.68789490e+002
  9.07129150e+002 5.66832214e+002 8.64938843e+002 5.65989197e+002
  8.23731995e+002 5.65454590e+002 7.82585266e+002 5.66017944e+002
  7.42349976e+002 5.67864868e+002 7.01608521e+002 5.68717163e+002
  6.61200256e+002 5.69318359e+002 6.21565369e+002 5.69119080e+002
  9.91215027e+002 5.39525330e+002 9.49651306e+002 5.38027039e+002
  9.09051453e+002 5.37596619e+002 8.66774780e+002 5.38272522e+002
  8.27111938e+002 5.38041443e+002 7.85951538e+002 5.37881104e+002
  7.46337585e+002 5.39799072e+002 7.06560364e+002 5.39649658e+002
  6.65777832e+002 5.39343445e+002 6.26984924e+002 5.39335083e+002
  9.90311829e+002 5.11826569e+002 9.50386292e+002 5.10233337e+002
  9.09844788e+002 5.10106384e+002 8.68944397e+002 5.10316559e+002
  8.28896912e+002 5.11292633e+002 7.88730164e+002 5.11490448e+002
  7.49163086e+002 5.11471344e+002 7.10080200e+002 5.11510071e+002
  6.70245728e+002 5.11370758e+002 6.31287842e+002 5.11405853e+002</projector>
</opencv_storage>
