<?xml version="1.0"?>
<opencv_storage>
<world>
  0. 0. 0. 24. 0. 0. 48. 0. 0. 72. 0. 0. 96. 0. 0. 120. 0. 0. 144. 0. 0.
  168. 0. 0. 192. 0. 0. 216. 0. 0. 0. 24. 0. 24. 24. 0. 48. 24. 0. 72.
  24. 0. 96. 24. 0. 120. 24. 0. 144. 24. 0. 168. 24. 0. 192. 24. 0. 216.
  24. 0. 0. 48. 0. 24. 48. 0. 48. 48. 0. 72. 48. 0. 96. 48. 0. 120. 48.
  0. 144. 48. 0. 168. 48. 0. 192. 48. 0. 216. 48. 0. 0. 72. 0. 24. 72.
  0. 48. 72. 0. 72. 72. 0. 96. 72. 0. 120. 72. 0. 144. 72. 0. 168. 72.
  0. 192. 72. 0. 216. 72. 0. 0. 96. 0. 24. 96. 0. 48. 96. 0. 72. 96. 0.
  96. 96. 0. 120. 96. 0. 144. 96. 0. 168. 96. 0. 192. 96. 0. 216. 96. 0.
  0. 120. 0. 24. 120. 0. 48. 120. 0. 72. 120. 0. 96. 120. 0. 120. 120.
  0. 144. 120. 0. 168. 120. 0. 192. 120. 0. 216. 120. 0. 0. 144. 0. 24.
  144. 0. 48. 144. 0. 72. 144. 0. 96. 144. 0. 120. 144. 0. 144. 144. 0.
  168. 144. 0. 192. 144. 0. 216. 144. 0.</world>
<camera>
  5.93087952e+002 3.76946320e+002 6.25674377e+002 3.78249481e+002
  6.58275513e+002 3.79502686e+002 6.90416565e+002 3.81188477e+002
  7.22335449e+002 3.82675415e+002 7.53765686e+002 3.84317261e+002
  7.85138489e+002 3.85847076e+002 8.15877625e+002 3.87535767e+002
  8.46456848e+002 3.89406860e+002 8.76411804e+002 3.91276337e+002
  5.91750977e+002 4.10057434e+002 6.24805603e+002 4.11150055e+002
  6.57318420e+002 4.12292297e+002 6.89445190e+002 4.13567078e+002
  7.21503296e+002 4.15076996e+002 7.53358276e+002 4.16391235e+002
  7.84636780e+002 4.17743195e+002 8.15427490e+002 4.19380066e+002
  8.45911072e+002 4.20967865e+002 8.75678833e+002 4.22616211e+002
  5.90708862e+002 4.43397003e+002 6.23814453e+002 4.44287354e+002
  6.56554688e+002 4.45228088e+002 6.89051514e+002 4.46294891e+002
  7.21105225e+002 4.47502533e+002 7.53151672e+002 4.48605591e+002
  7.84601685e+002 4.49788513e+002 8.15521912e+002 4.51255859e+002
  8.45957092e+002 4.52640747e+002 8.75695374e+002 4.53966125e+002
  5.89724854e+002 4.76840118e+002 6.22927551e+002 4.77506317e+002
  6.55615723e+002 4.78372223e+002 6.88424194e+002 4.79296326e+002
  7.20665344e+002 4.80229828e+002 7.52556030e+002 4.81246338e+002
  7.83811157e+002 4.82317535e+002 8.14499084e+002 4.83323486e+002
  8.45267151e+002 4.84478973e+002 8.75034485e+002 4.85593384e+002
  5.88934631e+002 5.10291931e+002 6.21852234e+002 5.10928070e+002
  6.54814270e+002 5.11518768e+002 6.87418518e+002 5.12410645e+002
  7.19773193e+002 5.13207458e+002 7.51514282e+002 5.13895447e+002
  7.82597534e+002 5.14748901e+002 8.13351074e+002 5.15538086e+002
  8.43707397e+002 5.16502808e+002 8.73808533e+002 5.17329773e+002
  5.88305481e+002 5.43699524e+002 6.21351379e+002 5.44364258e+002
  6.54204224e+002 5.44837219e+002 6.86572388e+002 5.45434937e+002
  7.18707458e+002 5.46029785e+002 7.50594971e+002 5.46720276e+002
  7.81670471e+002 5.47253601e+002 8.12613220e+002 5.47736145e+002
  8.43597229e+002 5.48488647e+002 8.73705322e+002 5.49114380e+002
  5.87538086e+002 5.77245483e+002 6.20584351e+002 5.77637268e+002
  6.53302429e+002 5.78096863e+002 6.85614197e+002 5.78548218e+002
  7.17759827e+002 5.78934509e+002 7.49499207e+002 5.79359436e+002
  7.80921082e+002 5.79692749e+002 8.12049927e+002 5.80201172e+002
  8.42762085e+002 5.80489075e+002 8.72954712e+002 5.80806885e+002</camera>
<projector>
  4.55532013e+002 3.20797089e+002 4.91863007e+002 3.22039825e+002
  5.27378418e+002 3.24242554e+002 5.63087219e+002 3.25415466e+002
  5.98978882e+002 3.27572113e+002 6.35214844e+002 3.28501617e+002
  6.70725769e+002 3.30586884e+002 7.06591248e+002 3.32558472e+002
  7.41691345e+002 3.33425232e+002 7.77317261e+002 3.35386902e+002
  4.54397766e+002 3.56518066e+002 4.90442535e+002 3.57750763e+002
  5.25837585e+002 3.59156799e+002 5.61494385e+002 3.61480438e+002
  5.98447571e+002 3.62674500e+002 6.33424011e+002 3.63831696e+002
  6.70012878e+002 3.66147278e+002 7.04703186e+002 3.67142090e+002
  7.40994324e+002 3.69416412e+002 7.76652893e+002 3.71564453e+002
  4.53183044e+002 3.92125580e+002 4.88992554e+002 3.93454407e+002
  5.25265686e+002 3.94849426e+002 5.60818298e+002 3.96258545e+002
  5.96543030e+002 3.98716553e+002 6.32525757e+002 3.99945038e+002
  6.69028931e+002 4.01246765e+002 7.04827087e+002 4.02516968e+002
  7.39996399e+002 4.05067200e+002 7.75840942e+002 4.06430115e+002
  4.51860260e+002 4.28616669e+002 4.87643829e+002 4.30136932e+002
  5.23808289e+002 4.30554077e+002 5.59121948e+002 4.31995300e+002
  5.95816406e+002 4.33469879e+002 6.31826416e+002 4.34991486e+002
  6.67395508e+002 4.36562927e+002 7.02276306e+002 4.38181854e+002
  7.38436768e+002 4.39658813e+002 7.74170471e+002 4.42414978e+002
  4.50458252e+002 4.64081757e+002 4.86337280e+002 4.65692169e+002
  5.22355164e+002 4.67240143e+002 5.57626953e+002 4.67775055e+002
  5.94320618e+002 4.69422668e+002 6.30507385e+002 4.71259155e+002
  6.66203735e+002 4.73155701e+002 7.01020752e+002 4.74993835e+002
  7.37160400e+002 4.76748413e+002 7.72695557e+002 4.77413422e+002
  4.48756775e+002 5.00431061e+002 4.84575562e+002 5.01042511e+002
  5.20781250e+002 5.02829376e+002 5.57318298e+002 5.03666901e+002
  5.93091003e+002 5.05608521e+002 6.29210754e+002 5.07523041e+002
  6.64854431e+002 5.08523804e+002 7.00592346e+002 5.10436646e+002
  7.36463623e+002 5.11165192e+002 7.71949524e+002 5.13059570e+002
  4.48189178e+002 5.35771484e+002 4.84165497e+002 5.37696228e+002
  5.19370544e+002 5.38599976e+002 5.55948669e+002 5.40694824e+002
  5.91690308e+002 5.41643250e+002 6.26753052e+002 5.42703796e+002
  6.63304443e+002 5.44854492e+002 6.98928101e+002 5.45859741e+002
  7.34882324e+002 5.46781738e+002 7.70302307e+002 5.48908997e+002</projector>
</opencv_storage>
