<?xml version="1.0"?>
<opencv_storage>
<world>
  0. 0. 0. 24. 0. 0. 48. 0. 0. 72. 0. 0. 96. 0. 0. 120. 0. 0. 144. 0. 0.
  168. 0. 0. 192. 0. 0. 216. 0. 0. 0. 24. 0. 24. 24. 0. 48. 24. 0. 72.
  24. 0. 96. 24. 0. 120. 24. 0. 144. 24. 0. 168. 24. 0. 192. 24. 0. 216.
  24. 0. 0. 48. 0. 24. 48. 0. 48. 48. 0. 72. 48. 0. 96. 48. 0. 120. 48.
  0. 144. 48. 0. 168. 48. 0. 192. 48. 0. 216. 48. 0. 0. 72. 0. 24. 72.
  0. 48. 72. 0. 72. 72. 0. 96. 72. 0. 120. 72. 0. 144. 72. 0. 168. 72.
  0. 192. 72. 0. 216. 72. 0. 0. 96. 0. 24. 96. 0. 48. 96. 0. 72. 96. 0.
  96. 96. 0. 120. 96. 0. 144. 96. 0. 168. 96. 0. 192. 96. 0. 216. 96. 0.
  0. 120. 0. 24. 120. 0. 48. 120. 0. 72. 120. 0. 96. 120. 0. 120. 120.
  0. 144. 120. 0. 168. 120. 0. 192. 120. 0. 216. 120. 0. 0. 144. 0. 24.
  144. 0. 48. 144. 0. 72. 144. 0. 96. 144. 0. 120. 144. 0. 144. 144. 0.
  168. 144. 0. 192. 144. 0. 216. 144. 0.</world>
<camera>
  9.80182983e+002 4.88144043e+002 1.01183038e+003 4.76489105e+002
  1.04275195e+003 4.65144440e+002 1.07309155e+003 4.54061310e+002
  1.10291504e+003 4.43314240e+002 1.13186865e+003 4.32649292e+002
  1.16048450e+003 4.22343231e+002 1.18829382e+003 4.12221069e+002
  1.21549890e+003 4.02384949e+002 1.24185645e+003 3.92780304e+002
  9.91575195e+002 5.22165833e+002 1.02357330e+003 5.10329254e+002
  1.05419873e+003 4.98597382e+002 1.08436426e+003 4.87304474e+002
  1.11396484e+003 4.76212372e+002 1.14336560e+003 4.65329376e+002
  1.17158850e+003 4.54615814e+002 1.19912585e+003 4.44290924e+002
  1.22602380e+003 4.34125458e+002 1.25198389e+003 4.24349365e+002
  1.00297955e+003 5.56076721e+002 1.03500610e+003 5.44016907e+002
  1.06584424e+003 5.32122803e+002 1.09602734e+003 5.20452087e+002
  1.12549695e+003 5.09045410e+002 1.15477026e+003 4.97789795e+002
  1.18320471e+003 4.86813812e+002 1.21049060e+003 4.76172150e+002
  1.23717639e+003 4.65739868e+002 1.26279333e+003 4.55638428e+002
  1.01410089e+003 5.89701599e+002 1.04585083e+003 5.77519836e+002
  1.07662659e+003 5.65351501e+002 1.10723242e+003 5.53538757e+002
  1.13667114e+003 5.41784424e+002 1.16552307e+003 5.30328674e+002
  1.19327173e+003 5.19039795e+002 1.21983557e+003 5.08119720e+002
  1.24669482e+003 4.97408051e+002 1.27239966e+003 4.86912720e+002
  1.02496533e+003 6.23214417e+002 1.05631226e+003 6.10624023e+002
  1.08727979e+003 5.98383667e+002 1.11745117e+003 5.86332275e+002
  1.14700708e+003 5.74457520e+002 1.17528967e+003 5.62651245e+002
  1.20233875e+003 5.51184387e+002 1.22896191e+003 5.39863953e+002
  1.25514050e+003 5.28849731e+002 1.28093103e+003 5.18125916e+002
  1.03603125e+003 6.56356018e+002 1.06741772e+003 6.43751038e+002
  1.09784387e+003 6.31213501e+002 1.12731873e+003 6.18830566e+002
  1.15620593e+003 6.06681152e+002 1.18457178e+003 5.94792053e+002
  1.21156067e+003 5.82896851e+002 1.23835376e+003 5.71400269e+002
  1.26533142e+003 5.60106140e+002 1.29088928e+003 5.49032837e+002
  1.04657129e+003 6.89150269e+002 1.07741211e+003 6.76274780e+002
  1.10745105e+003 6.63599670e+002 1.13679089e+003 6.51045227e+002
  1.16554565e+003 6.38656372e+002 1.19349292e+003 6.26433167e+002
  1.22083264e+003 6.14450012e+002 1.24769910e+003 6.02657227e+002
  1.27416382e+003 5.91140137e+002 1.29963159e+003 5.79690430e+002</camera>
<projector>
  8.33754578e+002 4.18156860e+002 8.71747070e+002 4.04588898e+002
  9.09511292e+002 3.91930878e+002 9.46816223e+002 3.79053162e+002
  9.84808289e+002 3.65865814e+002 1.02237811e+003 3.53573914e+002
  1.05961279e+003 3.39789368e+002 1.09751904e+003 3.26906616e+002
  1.13509460e+003 3.13677002e+002 1.17366479e+003 3.01356720e+002
  8.47234131e+002 4.55604980e+002 8.85095398e+002 4.42226776e+002
  9.21889587e+002 4.29886475e+002 9.59427856e+002 4.16233215e+002
  9.97561035e+002 4.03304626e+002 1.03516858e+003 3.90163727e+002
  1.07388367e+003 3.77831940e+002 1.11088806e+003 3.64193451e+002
  1.14884460e+003 3.51381134e+002 1.18647485e+003 3.38330017e+002
  8.59779968e+002 4.93267029e+002 8.97701721e+002 4.80056427e+002
  9.35450073e+002 4.66849152e+002 9.73137207e+002 4.53278534e+002
  1.01032037e+003 4.40707977e+002 1.04929395e+003 4.27812683e+002
  1.08690735e+003 4.14674408e+002 1.12421143e+003 4.01363190e+002
  1.16252966e+003 3.89078461e+002 1.20067542e+003 3.76409912e+002
  8.72627930e+002 5.31290955e+002 9.10740112e+002 5.18403015e+002
  9.48682983e+002 5.04104553e+002 9.86183105e+002 4.91972748e+002
  1.02461975e+003 4.78405640e+002 1.06281372e+003 4.64798370e+002
  1.09971655e+003 4.52116638e+002 1.13759717e+003 4.39204407e+002
  1.17595959e+003 4.25907196e+002 1.21276208e+003 4.13770569e+002
  8.85615173e+002 5.68487427e+002 9.23033691e+002 5.55829651e+002
  9.60987305e+002 5.41781860e+002 9.98607300e+002 5.28687866e+002
  1.03728882e+003 5.15473694e+002 1.07472913e+003 5.03373566e+002
  1.11215820e+003 4.90067657e+002 1.15023230e+003 4.77502838e+002
  1.18751367e+003 4.64593781e+002 1.22547607e+003 4.51418243e+002
  8.98558899e+002 6.05833496e+002 9.36042114e+002 5.93380737e+002
  9.74558289e+002 5.79652588e+002 1.01162079e+003 5.67051270e+002
  1.04960132e+003 5.54227112e+002 1.08848340e+003 5.41317200e+002
  1.12603271e+003 5.28157104e+002 1.16267883e+003 5.14533569e+002
  1.20107678e+003 5.01800812e+002 1.23948450e+003 4.88929016e+002
  9.11960632e+002 6.43706238e+002 9.48819580e+002 6.30466431e+002
  9.86502869e+002 6.18244751e+002 1.02509802e+003 6.04712219e+002
  1.06334229e+003 5.92264709e+002 1.09979797e+003 5.78225037e+002
  1.13865991e+003 5.65315918e+002 1.17670728e+003 5.53176880e+002
  1.21413464e+003 5.39539063e+002 1.25269226e+003 5.26961243e+002</projector>
</opencv_storage>
