<?xml version="1.0"?>
<opencv_storage>
<world>
  0. 0. 0. 24. 0. 0. 48. 0. 0. 72. 0. 0. 96. 0. 0. 120. 0. 0. 144. 0. 0.
  168. 0. 0. 192. 0. 0. 216. 0. 0. 0. 24. 0. 24. 24. 0. 48. 24. 0. 72.
  24. 0. 96. 24. 0. 120. 24. 0. 144. 24. 0. 168. 24. 0. 192. 24. 0. 216.
  24. 0. 0. 48. 0. 24. 48. 0. 48. 48. 0. 72. 48. 0. 96. 48. 0. 120. 48.
  0. 144. 48. 0. 168. 48. 0. 192. 48. 0. 216. 48. 0. 0. 72. 0. 24. 72.
  0. 48. 72. 0. 72. 72. 0. 96. 72. 0. 120. 72. 0. 144. 72. 0. 168. 72.
  0. 192. 72. 0. 216. 72. 0. 0. 96. 0. 24. 96. 0. 48. 96. 0. 72. 96. 0.
  96. 96. 0. 120. 96. 0. 144. 96. 0. 168. 96. 0. 192. 96. 0. 216. 96. 0.
  0. 120. 0. 24. 120. 0. 48. 120. 0. 72. 120. 0. 96. 120. 0. 120. 120.
  0. 144. 120. 0. 168. 120. 0. 192. 120. 0. 216. 120. 0. 0. 144. 0. 24.
  144. 0. 48. 144. 0. 72. 144. 0. 96. 144. 0. 120. 144. 0. 144. 144. 0.
  168. 144. 0. 192. 144. 0. 216. 144. 0.</world>
<camera>
  2.86907104e+002 3.72026215e+002 3.19153778e+002 3.74083008e+002
  3.50743896e+002 3.76211731e+002 3.81772675e+002 3.78529297e+002
  4.12663849e+002 3.80690063e+002 4.42875183e+002 3.83025208e+002
  4.72604645e+002 3.85281799e+002 5.01762848e+002 3.87428131e+002
  5.30601501e+002 3.89710297e+002 5.58622437e+002 3.92096619e+002
  2.85297333e+002 4.07023010e+002 3.17778717e+002 4.08634796e+002
  3.49486908e+002 4.10407959e+002 3.80778931e+002 4.12263580e+002
  4.11556824e+002 4.14138092e+002 4.42303101e+002 4.15925751e+002
  4.72066528e+002 4.17810211e+002 5.01237762e+002 4.19779114e+002
  5.29788635e+002 4.21667633e+002 5.57658508e+002 4.23632080e+002
  2.83704926e+002 4.42251953e+002 3.16741058e+002 4.43418915e+002
  3.48882965e+002 4.44716736e+002 3.80384369e+002 4.46264404e+002
  4.11308990e+002 4.47684052e+002 4.42155060e+002 4.49206482e+002
  4.72238037e+002 4.50743195e+002 5.01453278e+002 4.52330719e+002
  5.30123718e+002 4.53842224e+002 5.57791321e+002 4.55528046e+002
  2.82651031e+002 4.77496094e+002 3.15536346e+002 4.78492218e+002
  3.47725403e+002 4.79389343e+002 3.79698029e+002 4.80552368e+002
  4.11144043e+002 4.81566437e+002 4.41630829e+002 4.82743561e+002
  4.71454529e+002 4.83853943e+002 5.00225128e+002 4.85153412e+002
  5.29348511e+002 4.86372711e+002 5.57288574e+002 4.87488159e+002
  2.81599091e+002 5.12959778e+002 3.14421265e+002 5.13546326e+002
  3.47019897e+002 5.14238892e+002 3.78869080e+002 5.15018005e+002
  4.10328766e+002 5.15653625e+002 4.40651245e+002 5.16544189e+002
  4.70009583e+002 5.17322632e+002 4.99119232e+002 5.18078308e+002
  5.27572205e+002 5.18856262e+002 5.55764526e+002 5.19585510e+002
  2.81316650e+002 5.48474121e+002 3.14229889e+002 5.48742126e+002
  3.46475861e+002 5.49135010e+002 3.78004700e+002 5.49433350e+002
  4.09177856e+002 5.49825012e+002 4.39687531e+002 5.50420532e+002
  4.69308838e+002 5.50645752e+002 4.98467590e+002 5.51074646e+002
  5.27951965e+002 5.51378235e+002 5.56303162e+002 5.51649231e+002
  2.80996277e+002 5.83933228e+002 3.13525970e+002 5.83960083e+002
  3.45657715e+002 5.83913147e+002 3.77340973e+002 5.83961304e+002
  4.08408112e+002 5.84012451e+002 4.38834808e+002 5.84034424e+002
  4.68803192e+002 5.84094055e+002 4.98373627e+002 5.84079102e+002
  5.27441589e+002 5.84064941e+002 5.55732361e+002 5.84010071e+002</camera>
<projector>
  1.12915115e+002 3.05436737e+002 1.50204865e+002 3.09718567e+002
  1.87552597e+002 3.14008484e+002 2.23802109e+002 3.19300964e+002
  2.60004700e+002 3.23342773e+002 2.95205597e+002 3.27413605e+002
  3.30546265e+002 3.31281830e+002 3.64813202e+002 3.35208313e+002
  3.99322784e+002 3.40046844e+002 4.32851959e+002 3.43852325e+002
  1.11086601e+002 3.42306580e+002 1.49329483e+002 3.46655884e+002
  1.85436554e+002 3.49924438e+002 2.22683502e+002 3.54249268e+002
  2.58837189e+002 3.58467804e+002 2.93774994e+002 3.62535828e+002
  3.29103088e+002 3.66673615e+002 3.63361023e+002 3.70677185e+002
  3.97869568e+002 3.74702332e+002 4.31388611e+002 3.78637787e+002
  1.10227043e+002 3.78953552e+002 1.48221420e+002 3.82347290e+002
  1.85350006e+002 3.86699127e+002 2.21262924e+002 3.90036072e+002
  2.57348450e+002 3.94303619e+002 2.93399597e+002 3.97530945e+002
  3.28496185e+002 4.01744202e+002 3.62803986e+002 4.04838715e+002
  3.97294250e+002 4.09045227e+002 4.30916412e+002 4.13187164e+002
  1.09066948e+002 4.15592224e+002 1.47094467e+002 4.18989655e+002
  1.84002167e+002 4.22457520e+002 2.20815048e+002 4.26892029e+002
  2.56879059e+002 4.30127380e+002 2.92947601e+002 4.33469727e+002
  3.27097351e+002 4.36817474e+002 3.61459503e+002 4.40156982e+002
  3.95801910e+002 4.43478302e+002 4.29458099e+002 4.46761108e+002
  1.07612762e+002 4.53085724e+002 1.44517105e+002 4.56605225e+002
  1.82511826e+002 4.59042175e+002 2.19380966e+002 4.62529785e+002
  2.55308289e+002 4.65939392e+002 2.91510193e+002 4.69597137e+002
  3.25737061e+002 4.72077057e+002 3.60080719e+002 4.75621704e+002
  3.94448090e+002 4.79007385e+002 4.27938904e+002 4.82450867e+002
  1.05806503e+002 4.89479553e+002 1.43701904e+002 4.93062714e+002
  1.80702347e+002 4.95624237e+002 2.17734314e+002 4.98273193e+002
  2.53844788e+002 5.01995178e+002 2.89978790e+002 5.04637543e+002
  3.24168121e+002 5.08320679e+002 3.58323944e+002 5.10816345e+002
  3.93702728e+002 5.13303223e+002 4.27105103e+002 5.16764709e+002
  1.04899269e+002 5.26900208e+002 1.43001907e+002 5.29682373e+002
  1.80061050e+002 5.32386414e+002 2.15982208e+002 5.35156006e+002
  2.52083191e+002 5.37896729e+002 2.88294403e+002 5.40761902e+002
  3.23537506e+002 5.43446411e+002 3.57627930e+002 5.46103699e+002
  3.91772095e+002 5.48599182e+002 4.26302582e+002 5.51295837e+002</projector>
</opencv_storage>
