<?xml version="1.0"?>
<opencv_storage>
<world>
  0. 0. 0. 24. 0. 0. 48. 0. 0. 72. 0. 0. 96. 0. 0. 120. 0. 0. 144. 0. 0.
  168. 0. 0. 192. 0. 0. 216. 0. 0. 0. 24. 0. 24. 24. 0. 48. 24. 0. 72.
  24. 0. 96. 24. 0. 120. 24. 0. 144. 24. 0. 168. 24. 0. 192. 24. 0. 216.
  24. 0. 0. 48. 0. 24. 48. 0. 48. 48. 0. 72. 48. 0. 96. 48. 0. 120. 48.
  0. 144. 48. 0. 168. 48. 0. 192. 48. 0. 216. 48. 0. 0. 72. 0. 24. 72.
  0. 48. 72. 0. 72. 72. 0. 96. 72. 0. 120. 72. 0. 144. 72. 0. 168. 72.
  0. 192. 72. 0. 216. 72. 0. 0. 96. 0. 24. 96. 0. 48. 96. 0. 72. 96. 0.
  96. 96. 0. 120. 96. 0. 144. 96. 0. 168. 96. 0. 192. 96. 0. 216. 96. 0.
  0. 120. 0. 24. 120. 0. 48. 120. 0. 72. 120. 0. 96. 120. 0. 120. 120.
  0. 144. 120. 0. 168. 120. 0. 192. 120. 0. 216. 120. 0. 0. 144. 0. 24.
  144. 0. 48. 144. 0. 72. 144. 0. 96. 144. 0. 120. 144. 0. 144. 144. 0.
  168. 144. 0. 192. 144. 0. 216. 144. 0.</world>
<camera>
  5.69661560e+002 3.57457611e+002 6.03754456e+002 3.71597107e+002
  6.38059082e+002 3.85789581e+002 6.72248535e+002 4.00316681e+002
  7.06464539e+002 4.14605988e+002 7.40628296e+002 4.29217834e+002
  7.74823792e+002 4.43645508e+002 8.08730835e+002 4.58149536e+002
  8.42565735e+002 4.72597717e+002 8.76002747e+002 4.87103729e+002
  5.54785339e+002 3.91675354e+002 5.88956238e+002 4.05647858e+002
  6.23271606e+002 4.19961029e+002 6.57595276e+002 4.34399567e+002
  6.91967102e+002 4.48770386e+002 7.26432251e+002 4.63253326e+002
  7.60668335e+002 4.77684265e+002 7.94692505e+002 4.92190887e+002
  8.28605286e+002 5.06530609e+002 8.62123352e+002 5.20880005e+002
  5.40002808e+002 4.26232758e+002 5.74188049e+002 4.40282715e+002
  6.08628235e+002 4.54328949e+002 6.43148315e+002 4.68726349e+002
  6.77531982e+002 4.83222168e+002 7.12257202e+002 4.97583588e+002
  7.46699036e+002 5.11937531e+002 7.80912659e+002 5.26383484e+002
  8.14918274e+002 5.40696411e+002 8.48529053e+002 5.55023621e+002
  5.25447510e+002 4.60784424e+002 5.59605835e+002 4.74858856e+002
  5.94072876e+002 4.89113708e+002 6.28597656e+002 5.03381409e+002
  6.63269714e+002 5.17819458e+002 6.97801880e+002 5.32156982e+002
  7.32400696e+002 5.46585693e+002 7.66504333e+002 5.60772217e+002
  8.00695190e+002 5.75048584e+002 8.34445313e+002 5.89117004e+002
  5.11017700e+002 4.95529144e+002 5.45247742e+002 5.09711243e+002
  5.79573181e+002 5.23864929e+002 6.14151917e+002 5.38317566e+002
  6.48782776e+002 5.52599060e+002 6.83435425e+002 5.67050476e+002
  7.17835266e+002 5.81178162e+002 7.52114990e+002 5.95230591e+002
  7.86263306e+002 6.09289063e+002 8.20160278e+002 6.23181702e+002
  4.96634399e+002 5.30309631e+002 5.30786011e+002 5.44489685e+002
  5.65239136e+002 5.58773682e+002 5.99781311e+002 5.73147949e+002
  6.34431946e+002 5.87424805e+002 6.69168091e+002 6.01641479e+002
  7.03562256e+002 6.15716614e+002 7.37938477e+002 6.29678955e+002
  7.72418884e+002 6.43777893e+002 8.06365662e+002 6.57459839e+002
  4.82531525e+002 5.65089905e+002 5.16746765e+002 5.79370728e+002
  5.51172485e+002 5.93536865e+002 5.85702148e+002 6.07838379e+002
  6.20361694e+002 6.22070251e+002 6.54948303e+002 6.36303040e+002
  6.89496155e+002 6.50311829e+002 7.23857666e+002 6.64269714e+002
  7.58325439e+002 6.78177063e+002 7.92365784e+002 6.91755798e+002</camera>
<projector>
  3.95255493e+002 2.83422516e+002 4.30005493e+002 2.98630890e+002
  4.65152496e+002 3.13077820e+002 5.00173798e+002 3.27442688e+002
  5.35408203e+002 3.42664703e+002 5.71842285e+002 3.57018463e+002
  6.07480225e+002 3.72397766e+002 6.43336121e+002 3.86791718e+002
  6.79635498e+002 4.02331940e+002 7.15307373e+002 4.17031403e+002
  3.79981873e+002 3.20345337e+002 4.14304749e+002 3.34536102e+002
  4.49214264e+002 3.48814301e+002 4.85281128e+002 3.63202271e+002
  5.20211670e+002 3.78577667e+002 5.55294800e+002 3.92856659e+002
  5.91802124e+002 4.08462860e+002 6.27654419e+002 4.22989746e+002
  6.63739929e+002 4.38731934e+002 6.99395935e+002 4.53647919e+002
  3.64363708e+002 3.55815521e+002 3.98901825e+002 3.69870697e+002
  4.34266724e+002 3.84248108e+002 4.68939209e+002 3.99596130e+002
  5.04851105e+002 4.14090973e+002 5.39669617e+002 4.29517914e+002
  5.75924744e+002 4.44088287e+002 6.11642151e+002 4.58756042e+002
  6.47715454e+002 4.74721985e+002 6.84450439e+002 4.89928406e+002
  3.48970123e+002 3.92176239e+002 3.84035919e+002 4.06413391e+002
  4.18638733e+002 4.20602722e+002 4.53994141e+002 4.34967987e+002
  4.88463745e+002 4.50428284e+002 5.24431091e+002 4.64989655e+002
  5.59717834e+002 4.80837769e+002 5.96543396e+002 4.95887604e+002
  6.32380310e+002 5.10944580e+002 6.67762939e+002 5.26183960e+002
  3.34573181e+002 4.28339966e+002 3.68644379e+002 4.42647583e+002
  4.03797455e+002 4.56888733e+002 4.38029938e+002 4.71365723e+002
  4.73562164e+002 4.86845490e+002 5.08479858e+002 5.01643555e+002
  5.45003967e+002 5.16785950e+002 5.80630066e+002 5.31968018e+002
  6.16360291e+002 5.47072144e+002 6.52466736e+002 5.62548157e+002
  3.19524994e+002 4.63449585e+002 3.53480042e+002 4.77736969e+002
  3.87978882e+002 4.93122467e+002 4.23338623e+002 5.07728882e+002
  4.57996063e+002 5.22473755e+002 4.93757111e+002 5.38353882e+002
  5.30123047e+002 5.53604858e+002 5.65415405e+002 5.68745056e+002
  6.00689148e+002 5.84022095e+002 6.36679016e+002 5.98456848e+002
  3.04732941e+002 4.99233612e+002 3.39008972e+002 5.13852051e+002
  3.73181000e+002 5.29503296e+002 4.08742004e+002 5.44161377e+002
  4.43151855e+002 5.59099060e+002 4.78967041e+002 5.74043152e+002
  5.13988770e+002 5.89246887e+002 5.50046326e+002 6.04513855e+002
  5.85301208e+002 6.19896851e+002 6.21130615e+002 6.35715637e+002</projector>
</opencv_storage>
