<?xml version="1.0"?>
<opencv_storage>
<world>
  0. 0. 0. 24. 0. 0. 48. 0. 0. 72. 0. 0. 96. 0. 0. 120. 0. 0. 144. 0. 0.
  168. 0. 0. 192. 0. 0. 216. 0. 0. 0. 24. 0. 24. 24. 0. 48. 24. 0. 72.
  24. 0. 96. 24. 0. 120. 24. 0. 144. 24. 0. 168. 24. 0. 192. 24. 0. 216.
  24. 0. 0. 48. 0. 24. 48. 0. 48. 48. 0. 72. 48. 0. 96. 48. 0. 120. 48.
  0. 144. 48. 0. 168. 48. 0. 192. 48. 0. 216. 48. 0. 0. 72. 0. 24. 72.
  0. 48. 72. 0. 72. 72. 0. 96. 72. 0. 120. 72. 0. 144. 72. 0. 168. 72.
  0. 192. 72. 0. 216. 72. 0. 0. 96. 0. 24. 96. 0. 48. 96. 0. 72. 96. 0.
  96. 96. 0. 120. 96. 0. 144. 96. 0. 168. 96. 0. 192. 96. 0. 216. 96. 0.
  0. 120. 0. 24. 120. 0. 48. 120. 0. 72. 120. 0. 96. 120. 0. 120. 120.
  0. 144. 120. 0. 168. 120. 0. 192. 120. 0. 216. 120. 0. 0. 144. 0. 24.
  144. 0. 48. 144. 0. 72. 144. 0. 96. 144. 0. 120. 144. 0. 144. 144. 0.
  168. 144. 0. 192. 144. 0. 216. 144. 0.</world>
<camera>
  8.87857361e+002 2.34669586e+002 9.20909912e+002 2.33765991e+002
  9.54354492e+002 2.33294952e+002 9.87669373e+002 2.33008499e+002
  1.02114557e+003 2.32587509e+002 1.05470251e+003 2.32548065e+002
  1.08844714e+003 2.32578293e+002 1.12194263e+003 2.32763519e+002
  1.15546338e+003 2.33174332e+002 1.18871533e+003 2.33553406e+002
  8.87736694e+002 2.67031555e+002 9.20762512e+002 2.65970306e+002
  9.54337097e+002 2.65511292e+002 9.87804993e+002 2.65364258e+002
  1.02143750e+003 2.65230988e+002 1.05520251e+003 2.65056824e+002
  1.08888416e+003 2.65199127e+002 1.12260010e+003 2.65403900e+002
  1.15639136e+003 2.65660126e+002 1.18970569e+003 2.66458344e+002
  8.87603333e+002 2.99574188e+002 9.20615417e+002 2.98807892e+002
  9.54159485e+002 2.98232422e+002 9.87769897e+002 2.97899475e+002
  1.02155750e+003 2.97800995e+002 1.05550464e+003 2.97636536e+002
  1.08941895e+003 2.97695557e+002 1.12332324e+003 2.98129547e+002
  1.15703625e+003 2.98586578e+002 1.19068677e+003 2.99405518e+002
  8.87580017e+002 3.32592712e+002 9.20649231e+002 3.31813690e+002
  9.54281677e+002 3.31413361e+002 9.87854614e+002 3.31164886e+002
  1.02175598e+003 3.31072052e+002 1.05575354e+003 3.31073151e+002
  1.08991052e+003 3.31372955e+002 1.12369067e+003 3.31697723e+002
  1.15769531e+003 3.32227478e+002 1.19129285e+003 3.32851288e+002
  8.87475586e+002 3.65699493e+002 9.20717346e+002 3.65407501e+002
  9.54286072e+002 3.65008667e+002 9.88030640e+002 3.64850464e+002
  1.02187701e+003 3.64754639e+002 1.05616235e+003 3.65040070e+002
  1.09025085e+003 3.65350250e+002 1.12412341e+003 3.65593994e+002
  1.15810388e+003 3.66309540e+002 1.19169568e+003 3.66802856e+002
  8.87185486e+002 3.99227325e+002 9.20400269e+002 3.98789948e+002
  9.54158142e+002 3.98687866e+002 9.88083740e+002 3.98721069e+002
  1.02216974e+003 3.98865753e+002 1.05632385e+003 3.99090454e+002
  1.09042029e+003 3.99423706e+002 1.12440344e+003 3.99754730e+002
  1.15848999e+003 4.00172211e+002 1.19224426e+003 4.00652344e+002
  8.86907104e+002 4.32680969e+002 9.20502930e+002 4.32649414e+002
  9.54211060e+002 4.32625671e+002 9.88171509e+002 4.32818390e+002
  1.02220380e+003 4.33058533e+002 1.05639807e+003 4.33359070e+002
  1.09049683e+003 4.33582153e+002 1.12454285e+003 4.34051758e+002
  1.15858447e+003 4.34462280e+002 1.19245459e+003 4.35015503e+002</camera>
<projector>
  7.65492859e+002 1.46476990e+002 7.99717102e+002 1.42051788e+002
  8.34358032e+002 1.37526505e+002 8.70625916e+002 1.33800873e+002
  9.06008118e+002 1.29887375e+002 9.43101990e+002 1.25760307e+002
  9.79736328e+002 1.21408127e+002 1.01801172e+003 1.16697823e+002
  1.05595642e+003 1.11938766e+002 1.09589221e+003 1.07881744e+002
  7.64923706e+002 1.83503189e+002 7.98523987e+002 1.79297623e+002
  8.33083679e+002 1.76033264e+002 8.69216431e+002 1.71319702e+002
  9.04474792e+002 1.67700653e+002 9.41291565e+002 1.63687317e+002
  9.78904114e+002 1.59589279e+002 1.01721112e+003 1.55156464e+002
  1.05496436e+003 1.51882813e+002 1.09499683e+003 1.47104584e+002
  7.64070801e+002 2.21391418e+002 7.97727661e+002 2.17097107e+002
  8.31797729e+002 2.12911545e+002 8.67496399e+002 2.09498489e+002
  9.03869568e+002 2.06014664e+002 9.40342712e+002 2.02271332e+002
  9.76660278e+002 1.98544128e+002 1.01489777e+003 1.94431305e+002
  1.05378540e+003 1.91476212e+002 1.09395618e+003 1.86959915e+002
  7.63646606e+002 2.58845886e+002 7.97035156e+002 2.54913986e+002
  8.30989075e+002 2.50742401e+002 8.66463989e+002 2.47515320e+002
  9.02269287e+002 2.44127380e+002 9.38913086e+002 2.40700500e+002
  9.76492798e+002 2.37152435e+002 1.01479718e+003 2.34663391e+002
  1.05367310e+003 2.30767639e+002 1.09229883e+003 2.27964371e+002
  7.61991089e+002 2.96180878e+002 7.96592896e+002 2.92295197e+002
  8.30405762e+002 2.89340637e+002 8.65575684e+002 2.86387115e+002
  9.01350464e+002 2.83333130e+002 9.38083801e+002 2.80105133e+002
  9.75878662e+002 2.76955139e+002 1.01409503e+003 2.74761627e+002
  1.05277795e+003 2.71147369e+002 1.09232849e+003 2.68529572e+002
  7.61251404e+002 3.33029449e+002 7.94484131e+002 3.30469849e+002
  8.29458191e+002 3.27795135e+002 8.64917175e+002 3.25150177e+002
  9.01020142e+002 3.22277740e+002 9.37636963e+002 3.19404694e+002
  9.75197998e+002 3.16467651e+002 1.01314551e+003 3.14381287e+002
  1.05131274e+003 3.10963013e+002 1.09065698e+003 3.08717651e+002
  7.60846924e+002 3.70806671e+002 7.95056580e+002 3.68539032e+002
  8.29320984e+002 3.66133606e+002 8.64729309e+002 3.63688232e+002
  9.00619141e+002 3.61055969e+002 9.37287537e+002 3.58401978e+002
  9.74427368e+002 3.56828644e+002 1.01326007e+003 3.53776459e+002
  1.05153772e+003 3.50622589e+002 1.08966724e+003 3.48774597e+002</projector>
</opencv_storage>
