<?xml version="1.0"?>
<opencv_storage>
<world>
  0. 0. 0. 24. 0. 0. 48. 0. 0. 72. 0. 0. 96. 0. 0. 120. 0. 0. 144. 0. 0.
  168. 0. 0. 192. 0. 0. 216. 0. 0. 0. 24. 0. 24. 24. 0. 48. 24. 0. 72.
  24. 0. 96. 24. 0. 120. 24. 0. 144. 24. 0. 168. 24. 0. 192. 24. 0. 216.
  24. 0. 0. 48. 0. 24. 48. 0. 48. 48. 0. 72. 48. 0. 96. 48. 0. 120. 48.
  0. 144. 48. 0. 168. 48. 0. 192. 48. 0. 216. 48. 0. 0. 72. 0. 24. 72.
  0. 48. 72. 0. 72. 72. 0. 96. 72. 0. 120. 72. 0. 144. 72. 0. 168. 72.
  0. 192. 72. 0. 216. 72. 0. 0. 96. 0. 24. 96. 0. 48. 96. 0. 72. 96. 0.
  96. 96. 0. 120. 96. 0. 144. 96. 0. 168. 96. 0. 192. 96. 0. 216. 96. 0.
  0. 120. 0. 24. 120. 0. 48. 120. 0. 72. 120. 0. 96. 120. 0. 120. 120.
  0. 144. 120. 0. 168. 120. 0. 192. 120. 0. 216. 120. 0. 0. 144. 0. 24.
  144. 0. 48. 144. 0. 72. 144. 0. 96. 144. 0. 120. 144. 0. 144. 144. 0.
  168. 144. 0. 192. 144. 0. 216. 144. 0.</world>
<camera>
  9.64599731e+002 2.55517029e+002 9.93216553e+002 2.58194427e+002
  1.02114740e+003 2.61130981e+002 1.04852539e+003 2.63961182e+002
  1.07548767e+003 2.66987091e+002 1.10173718e+003 2.69969757e+002
  1.12765930e+003 2.73026489e+002 1.15283521e+003 2.75929535e+002
  1.17776123e+003 2.79073547e+002 1.20191809e+003 2.82166748e+002
  9.64695068e+002 2.85619476e+002 9.93701782e+002 2.87921448e+002
  1.02164294e+003 2.90628265e+002 1.04897412e+003 2.93468628e+002
  1.07627246e+003 2.96074768e+002 1.10273340e+003 2.98726776e+002
  1.12865723e+003 3.01524902e+002 1.15388281e+003 3.04414490e+002
  1.17857520e+003 3.07184021e+002 1.20257446e+003 3.10118439e+002
  9.64628601e+002 3.16176178e+002 9.94208679e+002 3.18237762e+002
  1.02250189e+003 3.20424896e+002 1.05026294e+003 3.22863647e+002
  1.07714966e+003 3.25443665e+002 1.10426733e+003 3.27644684e+002
  1.13040723e+003 3.30231110e+002 1.15557581e+003 3.32792786e+002
  1.18031189e+003 3.35447357e+002 1.20414893e+003 3.38139587e+002
  9.64585205e+002 3.47037872e+002 9.94075317e+002 3.48858795e+002
  1.02252600e+003 3.50755951e+002 1.05069299e+003 3.52807373e+002
  1.07825098e+003 3.55005981e+002 1.10472900e+003 3.57228607e+002
  1.13062244e+003 3.59468658e+002 1.15544897e+003 3.61765503e+002
  1.18055005e+003 3.64175293e+002 1.20449084e+003 3.66558105e+002
  9.64476318e+002 3.77863098e+002 9.93611816e+002 3.79583008e+002
  1.02251990e+003 3.81343323e+002 1.05060913e+003 3.83181244e+002
  1.07834180e+003 3.85115906e+002 1.10463000e+003 3.87082062e+002
  1.13018506e+003 3.89197968e+002 1.15508997e+003 3.91212891e+002
  1.17976758e+003 3.93249725e+002 1.20415015e+003 3.95247833e+002
  9.64501343e+002 4.09119812e+002 9.94100342e+002 4.10538361e+002
  1.02265833e+003 4.11916046e+002 1.05043896e+003 4.13592438e+002
  1.07756482e+003 4.15362946e+002 1.10441504e+003 4.17148071e+002
  1.12989075e+003 4.18848663e+002 1.15521240e+003 4.20509583e+002
  1.18072424e+003 4.22092682e+002 1.20505664e+003 4.23769012e+002
  9.64384216e+002 4.40434174e+002 9.93436951e+002 4.41598389e+002
  1.02207465e+003 4.42959961e+002 1.04984558e+003 4.44358368e+002
  1.07707202e+003 4.45678619e+002 1.10368616e+003 4.47232910e+002
  1.12975940e+003 4.48657745e+002 1.15536792e+003 4.49946167e+002
  1.18059094e+003 4.51407623e+002 1.20502588e+003 4.52769257e+002</camera>
<projector>
  8.81696899e+002 1.73056427e+002 9.16854431e+002 1.73545715e+002
  9.52745667e+002 1.75204697e+002 9.89329163e+002 1.76839386e+002
  1.02368805e+003 1.78478897e+002 1.06021045e+003 1.79922226e+002
  1.09608398e+003 1.81421692e+002 1.13113074e+003 1.82954620e+002
  1.16698315e+003 1.84386673e+002 1.20217798e+003 1.85878571e+002
  8.80591370e+002 2.08703293e+002 9.16676575e+002 2.09350220e+002
  9.52455200e+002 2.11263809e+002 9.87625854e+002 2.11941208e+002
  1.02325525e+003 2.13759262e+002 1.05954736e+003 2.15499603e+002
  1.09528113e+003 2.17294617e+002 1.13044434e+003 2.17858994e+002
  1.16627051e+003 2.19604309e+002 1.20155261e+003 2.21428055e+002
  8.79644531e+002 2.44005936e+002 9.15390320e+002 2.44848312e+002
  9.52182983e+002 2.45763763e+002 9.87047546e+002 2.47832642e+002
  1.02273187e+003 2.48708649e+002 1.05875500e+003 2.50686371e+002
  1.09442041e+003 2.51601364e+002 1.13095459e+003 2.53509445e+002
  1.16552881e+003 2.54580032e+002 1.20086743e+003 2.56648529e+002
  8.78744080e+002 2.80216675e+002 9.14500122e+002 2.81406464e+002
  9.51021423e+002 2.82446655e+002 9.86915771e+002 2.83634186e+002
  1.02227075e+003 2.84646210e+002 1.05850012e+003 2.85778137e+002
  1.09441687e+003 2.86900299e+002 1.12829858e+003 2.89495483e+002
  1.16544763e+003 2.90537323e+002 1.19923999e+003 2.93214600e+002
  8.76770264e+002 3.16272858e+002 9.13746033e+002 3.17685822e+002
  9.50087280e+002 3.17831360e+002 9.85894531e+002 3.19136627e+002
  1.02117224e+003 3.20540833e+002 1.05750183e+003 3.21955872e+002
  1.09222021e+003 3.23669373e+002 1.12744836e+003 3.25220001e+002
  1.16306580e+003 3.26637726e+002 1.19811047e+003 3.28106140e+002
  8.77023376e+002 3.51980072e+002 9.12630066e+002 3.53607697e+002
  9.49082886e+002 3.54077698e+002 9.83830872e+002 3.55815186e+002
  1.02066333e+003 3.56423096e+002 1.05551965e+003 3.58267883e+002
  1.09139722e+003 3.60057434e+002 1.12638208e+003 3.61770996e+002
  1.16313171e+003 3.62209900e+002 1.19804980e+003 3.63989319e+002
  8.75015320e+002 3.87536957e+002 9.10876343e+002 3.89537750e+002
  9.47306213e+002 3.90413971e+002 9.83387268e+002 3.91256561e+002
  1.01875250e+003 3.93315216e+002 1.05495740e+003 3.94146240e+002
  1.09057678e+003 3.96264313e+002 1.12536157e+003 3.97048737e+002
  1.16207764e+003 3.97774231e+002 1.19696472e+003 3.99789581e+002</projector>
</opencv_storage>
