<?xml version="1.0"?>
<opencv_storage>
<world>
  0. 0. 0. 48. 0. 0. 96. 0. 0. 144. 0. 0. 192. 0. 0. 240. 0. 0. 288. 0.
  0. 336. 0. 0. 384. 0. 0. 432. 0. 0. 0. 48. 0. 48. 48. 0. 96. 48. 0.
  144. 48. 0. 192. 48. 0. 240. 48. 0. 288. 48. 0. 336. 48. 0. 384. 48.
  0. 432. 48. 0. 0. 96. 0. 48. 96. 0. 96. 96. 0. 144. 96. 0. 192. 96. 0.
  240. 96. 0. 288. 96. 0. 336. 96. 0. 384. 96. 0. 432. 96. 0. 0. 144. 0.
  48. 144. 0. 96. 144. 0. 144. 144. 0. 192. 144. 0. 240. 144. 0. 288.
  144. 0. 336. 144. 0. 384. 144. 0. 432. 144. 0. 0. 192. 0. 48. 192. 0.
  96. 192. 0. 144. 192. 0. 192. 192. 0. 240. 192. 0. 288. 192. 0. 336.
  192. 0. 384. 192. 0. 432. 192. 0. 0. 240. 0. 48. 240. 0. 96. 240. 0.
  144. 240. 0. 192. 240. 0. 240. 240. 0. 288. 240. 0. 336. 240. 0. 384.
  240. 0. 432. 240. 0. 0. 288. 0. 48. 288. 0. 96. 288. 0. 144. 288. 0.
  192. 288. 0. 240. 288. 0. 288. 288. 0. 336. 288. 0. 384. 288. 0. 432.
  288. 0.</world>
<camera>
  7.65205322e+002 2.56046082e+002 8.10176575e+002 2.45901901e+002
  8.58182129e+002 2.35326370e+002 9.08992126e+002 2.24446594e+002
  9.64285400e+002 2.13485260e+002 1.02268719e+003 2.01099915e+002
  1.08530493e+003 1.87015274e+002 1.15311694e+003 1.72838257e+002
  1.22521362e+003 1.58026047e+002 1.30190845e+003 1.42723557e+002
  7.49798828e+002 2.95852173e+002 7.96166321e+002 2.86660950e+002
  8.45354492e+002 2.77585938e+002 8.98082397e+002 2.67293610e+002
  9.54859192e+002 2.57252411e+002 1.01517682e+003 2.45088409e+002
  1.08019385e+003 2.32136902e+002 1.15082605e+003 2.19514847e+002
  1.22629565e+003 206. 1.30725208e+003 1.91346130e+002 7.33411133e+002
  3.38697937e+002 7.80855103e+002 3.31140747e+002 8.31616516e+002
  3.22401917e+002 8.86139465e+002 3.14082855e+002 9.44824829e+002
  3.04435486e+002 1.00690540e+003 2.93066315e+002 1.07452686e+003
  2.81543457e+002 1.14823242e+003 2.70881287e+002 1.22762891e+003
  2.58651093e+002 1.31307910e+003 2.44588547e+002 7.15403076e+002
  3.84593933e+002 7.64526245e+002 3.77555542e+002 8.17106506e+002
  3.70785736e+002 8.73152283e+002 3.63290039e+002 9.32610596e+002
  3.54122955e+002 9.97847595e+002 3.44581512e+002 1.06855664e+003
  3.36743408e+002 1.14546521e+003 3.26360931e+002 1.22844031e+003
  3.15382324e+002 1.31920276e+003 3.03535431e+002 6.96293701e+002
  4.33482452e+002 7.47286255e+002 4.28600647e+002 8.01801575e+002
  4.23546783e+002 8.59037048e+002 4.17841705e+002 9.21446594e+002
  4.11322601e+002 9.88271423e+002 4.03718170e+002 1.06171289e+003
  3.96244812e+002 1.14220642e+003 3.88868713e+002 1.22983801e+003
  3.80059875e+002 1.32561206e+003 3.70583282e+002 6.76618530e+002
  4.87457123e+002 7.28948242e+002 4.84571564e+002 7.84711121e+002
  4.80434326e+002 8.43866394e+002 4.77302673e+002 9.08402466e+002
  4.72827515e+002 9.78450684e+002 4.68405457e+002 1.05446729e+003
  4.62651794e+002 1.13879077e+003 4.58415863e+002 1.23122620e+003
  4.53080597e+002 1.33265955e+003 4.46688812e+002 6.54874207e+002
  5.45861816e+002 7.09285950e+002 5.44925781e+002 7.66685303e+002
  5.43383118e+002 8.26756653e+002 5.41615479e+002 8.93319580e+002
  5.39439026e+002 9.67063171e+002 5.38724487e+002 1.04672131e+003
  5.36592896e+002 1.13501233e+003 5.35024292e+002 1.23251794e+003
  5.33362305e+002 1.34041064e+003 5.31651917e+002</camera>
<projector>
  5.74316467e+002 8.02583694e+001 6.36059631e+002 7.84201202e+001
  6.98621033e+002 7.66612091e+001 7.61460815e+002 7.54394226e+001
  8.24740906e+002 7.50382843e+001 8.88766602e+002 7.44662933e+001
  9.51960205e+002 7.27496567e+001 1.01680011e+003 7.18771896e+001
  1.08093384e+003 7.08336563e+001 1.14506030e+003 7.02139053e+001
  5.72205200e+002 1.28116470e+002 6.35131165e+002 1.26728783e+002
  6.98478638e+002 1.25758308e+002 7.62810120e+002 1.23615051e+002
  8.27442566e+002 1.23354210e+002 8.91849121e+002 1.21704803e+002
  9.56844421e+002 1.19920906e+002 1.02290228e+003 1.20344994e+002
  1.08754529e+003 1.19162048e+002 1.15304456e+003 1.18299110e+002
  5.68557983e+002 1.77679947e+002 6.33330811e+002 1.76015625e+002
  6.98825317e+002 1.74356476e+002 7.63836182e+002 1.74258560e+002
  8.29872375e+002 1.72856598e+002 8.95808289e+002 1.70996658e+002
  9.62869568e+002 1.70104080e+002 1.02853052e+003 1.70295639e+002
  1.09551074e+003 1.70047028e+002 1.16209644e+003 1.68719482e+002
  5.65383728e+002 2.29173996e+002 6.32860413e+002 2.27459488e+002
  6.98387146e+002 2.26514450e+002 7.64878906e+002 2.24994507e+002
  8.31936829e+002 2.23341125e+002 8.99712402e+002 2.21883194e+002
  9.67419739e+002 2.22583817e+002 1.03451953e+003 2.20982651e+002
  1.10253284e+003 2.20303207e+002 1.17100806e+003 2.20263184e+002
  5.62931702e+002 2.80911194e+002 6.31031189e+002 2.81283051e+002
  6.99438965e+002 2.80825867e+002 7.65964478e+002 2.79669525e+002
  8.33881348e+002 2.78099487e+002 9.02863586e+002 2.77129028e+002
  9.72279907e+002 2.75760803e+002 1.04074133e+003 2.75880829e+002
  1.11054260e+003 2.75263489e+002 1.18027991e+003 2.74677673e+002
  5.61941772e+002 3.37197968e+002 6.30270264e+002 3.38040649e+002
  6.99203430e+002 3.35612915e+002 7.67011414e+002 3.35864380e+002
  8.36485962e+002 3.35020660e+002 9.06365417e+002 3.33788635e+002
  9.76856812e+002 3.32874664e+002 1.04757275e+003 3.32841125e+002
  1.11784570e+003 3.32790894e+002 1.18945471e+003 3.32432648e+002
  5.59090271e+002 3.96114044e+002 6.28545593e+002 3.95700592e+002
  6.99830139e+002 3.94603271e+002 7.68433472e+002 3.94400452e+002
  8.38659424e+002 3.92500702e+002 9.10562866e+002 3.93318634e+002
  9.82419373e+002 3.92442261e+002 1.05408337e+003 3.92080261e+002
  1.12645935e+003 3.91742554e+002 1.19811194e+003 3.92333862e+002</projector>
</opencv_storage>
