<?xml version="1.0"?>
<opencv_storage>
<world>
  0. 0. 0. 48. 0. 0. 96. 0. 0. 144. 0. 0. 192. 0. 0. 240. 0. 0. 288. 0.
  0. 336. 0. 0. 384. 0. 0. 432. 0. 0. 0. 48. 0. 48. 48. 0. 96. 48. 0.
  144. 48. 0. 192. 48. 0. 240. 48. 0. 288. 48. 0. 336. 48. 0. 384. 48.
  0. 432. 48. 0. 0. 96. 0. 48. 96. 0. 96. 96. 0. 144. 96. 0. 192. 96. 0.
  240. 96. 0. 288. 96. 0. 336. 96. 0. 384. 96. 0. 432. 96. 0. 0. 144. 0.
  48. 144. 0. 96. 144. 0. 144. 144. 0. 192. 144. 0. 240. 144. 0. 288.
  144. 0. 336. 144. 0. 384. 144. 0. 432. 144. 0. 0. 192. 0. 48. 192. 0.
  96. 192. 0. 144. 192. 0. 192. 192. 0. 240. 192. 0. 288. 192. 0. 336.
  192. 0. 384. 192. 0. 432. 192. 0. 0. 240. 0. 48. 240. 0. 96. 240. 0.
  144. 240. 0. 192. 240. 0. 240. 240. 0. 288. 240. 0. 336. 240. 0. 384.
  240. 0. 432. 240. 0. 0. 288. 0. 48. 288. 0. 96. 288. 0. 144. 288. 0.
  192. 288. 0. 240. 288. 0. 288. 288. 0. 336. 288. 0. 384. 288. 0. 432.
  288. 0.</world>
<camera>
  4.77441254e+002 4.26069214e+002 5.18030334e+002 4.20405853e+002
  5.61733154e+002 4.14766205e+002 6.09592957e+002 4.08336273e+002
  6.62734131e+002 4.01770752e+002 7.19463013e+002 3.94521179e+002
  7.80431641e+002 3.86280853e+002 8.48640137e+002 3.77748871e+002
  9.22541870e+002 3.68467224e+002 1.00358655e+003 3.58318634e+002
  4.67101624e+002 4.86490204e+002 5.07543365e+002 4.83030914e+002
  5.52062256e+002 4.79490814e+002 6.00158203e+002 4.75616455e+002
  6.53876221e+002 4.71852478e+002 7.10336670e+002 4.67073120e+002
  7.72524658e+002 4.61983368e+002 8.42379944e+002 4.57092468e+002
  9.17623474e+002 4.51619598e+002 1.00035132e+003 4.45380280e+002
  4.56242035e+002 5.48680359e+002 4.97303284e+002 5.47653870e+002
  5.41547424e+002 5.46807190e+002 5.91049561e+002 5.45539429e+002
  6.44344482e+002 5.44435181e+002 7.01049744e+002 5.42712646e+002
  7.64490173e+002 5.41106079e+002 8.35507263e+002 5.39704407e+002
  9.12413818e+002 5.38437256e+002 9.96442017e+002 5.36531555e+002
  4.44785980e+002 6.13088684e+002 4.85835052e+002 6.14364014e+002
  5.31524658e+002 6.15541199e+002 5.80515503e+002 6.17067627e+002
  6.32809570e+002 6.18962036e+002 6.91041809e+002 6.20999878e+002
  7.57224487e+002 6.23352051e+002 8.27990295e+002 6.25966003e+002
  9.05807556e+002 6.28545715e+002 9.91942688e+002 6.31808228e+002
  4.33326202e+002 6.79295593e+002 4.75312378e+002 6.83155579e+002
  5.21605713e+002 6.87568726e+002 5.70552124e+002 6.92325317e+002
  6.24594421e+002 6.97687561e+002 6.82946655e+002 7.03221558e+002
  7.48249451e+002 7.09622253e+002 8.21079895e+002 7.16486023e+002
  9.00162659e+002 7.24155090e+002 9.88491760e+002 7.32881958e+002
  4.23576935e+002 7.47312378e+002 4.65933594e+002 7.54194092e+002
  5.11232758e+002 7.61765869e+002 5.60902161e+002 7.69646912e+002
  6.15061646e+002 7.78793884e+002 6.74666443e+002 7.88783386e+002
  7.39522156e+002 7.99690002e+002 8.13969482e+002 8.10961731e+002
  8.95486328e+002 8.23865112e+002 9.84998779e+002 8.38770813e+002
  4.14174591e+002 8.16766418e+002 4.57051849e+002 8.26742371e+002
  5.02351837e+002 8.37721558e+002 5.50604675e+002 8.49584595e+002
  6.04329346e+002 8.63052368e+002 6.66005188e+002 8.76917664e+002
  7.32173828e+002 8.92823120e+002 8.06216370e+002 9.09678406e+002
  8.89416992e+002 9.28194336e+002 9.81417786e+002 9.48950623e+002</camera>
<projector>
  3.15884766e+002 2.46822784e+002 3.87500671e+002 2.44982086e+002
  4.58907013e+002 2.44680191e+002 5.30571960e+002 2.42822937e+002
  6.03213562e+002 2.42453033e+002 6.75016724e+002 2.41286057e+002
  7.48294067e+002 2.39220627e+002 8.24000488e+002 2.38630417e+002
  8.98502625e+002 2.37170517e+002 9.72949951e+002 2.36377060e+002
  3.14654785e+002 3.16863556e+002 3.86425049e+002 3.16027710e+002
  4.56784821e+002 3.14428375e+002 5.28830811e+002 3.14210724e+002
  6.02246399e+002 3.13583099e+002 6.74708191e+002 3.11925079e+002
  7.49178101e+002 3.10774597e+002 8.23467285e+002 3.10172485e+002
  8.98615356e+002 3.09926788e+002 9.73243225e+002 3.08619232e+002
  3.11980652e+002 3.88575470e+002 3.83447662e+002 3.87857941e+002
  4.55770752e+002 3.87059052e+002 5.28049500e+002 3.86328033e+002
  6.00825684e+002 3.84816223e+002 6.74280518e+002 3.84138641e+002
  7.48209045e+002 3.82787079e+002 8.23900757e+002 3.82955048e+002
  8.98082520e+002 3.82283600e+002 9.73825134e+002 3.82234680e+002
  3.09507111e+002 4.59748322e+002 3.81601410e+002 4.58352600e+002
  4.54814667e+002 4.58318268e+002 5.27194336e+002 4.57039825e+002
  5.99273499e+002 4.56589478e+002 6.73382019e+002 4.55816223e+002
  7.48095337e+002 4.55559967e+002 8.23491638e+002 4.55722870e+002
  8.99173157e+002 4.55476013e+002 9.74608643e+002 4.55103210e+002
  3.06920715e+002 5.31752563e+002 3.79539764e+002 5.31085449e+002
  4.53870270e+002 5.31150757e+002 5.26041992e+002 5.30014771e+002
  5.99993652e+002 5.30203308e+002 6.72976807e+002 5.29258423e+002
  7.48035583e+002 5.29807251e+002 8.23202087e+002 5.29413940e+002
  8.98852905e+002 5.29576233e+002 9.75031006e+002 5.29777466e+002
  3.07033539e+002 6.04032715e+002 3.79101318e+002 6.04505859e+002
  4.51623627e+002 6.04254272e+002 5.24358093e+002 6.04330627e+002
  5.98138000e+002 6.03998413e+002 6.72781494e+002 6.04333801e+002
  7.47789673e+002 6.04166504e+002 8.23128357e+002 6.04465759e+002
  8.98911133e+002 6.04867493e+002 9.75650513e+002 6.05190247e+002
  3.04702820e+002 6.78322388e+002 3.78237061e+002 6.78017212e+002
  4.50809082e+002 6.78001221e+002 5.23506409e+002 6.78044861e+002
  5.96599304e+002 6.78449463e+002 6.72052124e+002 6.78869446e+002
  7.46888794e+002 6.79700989e+002 8.22475586e+002 6.80046814e+002
  8.98911316e+002 6.80196594e+002 9.75717896e+002 6.80889709e+002</projector>
</opencv_storage>
