<?xml version="1.0"?>
<opencv_storage>
<world>
  0. 0. 0. 48. 0. 0. 96. 0. 0. 144. 0. 0. 192. 0. 0. 240. 0. 0. 288. 0.
  0. 336. 0. 0. 384. 0. 0. 432. 0. 0. 0. 48. 0. 48. 48. 0. 96. 48. 0.
  144. 48. 0. 192. 48. 0. 240. 48. 0. 288. 48. 0. 336. 48. 0. 384. 48.
  0. 432. 48. 0. 0. 96. 0. 48. 96. 0. 96. 96. 0. 144. 96. 0. 192. 96. 0.
  240. 96. 0. 288. 96. 0. 336. 96. 0. 384. 96. 0. 432. 96. 0. 0. 144. 0.
  48. 144. 0. 96. 144. 0. 144. 144. 0. 192. 144. 0. 240. 144. 0. 288.
  144. 0. 336. 144. 0. 384. 144. 0. 432. 144. 0. 0. 192. 0. 48. 192. 0.
  96. 192. 0. 144. 192. 0. 192. 192. 0. 240. 192. 0. 288. 192. 0. 336.
  192. 0. 384. 192. 0. 432. 192. 0. 0. 240. 0. 48. 240. 0. 96. 240. 0.
  144. 240. 0. 192. 240. 0. 240. 240. 0. 288. 240. 0. 336. 240. 0. 384.
  240. 0. 432. 240. 0. 0. 288. 0. 48. 288. 0. 96. 288. 0. 144. 288. 0.
  192. 288. 0. 240. 288. 0. 288. 288. 0. 336. 288. 0. 384. 288. 0. 432.
  288. 0.</world>
<camera>
  6.35683105e+002 2.82343353e+002 6.72850525e+002 2.74149048e+002
  7.12089661e+002 2.65435425e+002 7.53491821e+002 2.56373138e+002
  7.98546631e+002 2.47634567e+002 8.45491150e+002 2.37852661e+002
  8.95374084e+002 2.26525650e+002 9.49236633e+002 2.15241882e+002
  1.00632581e+003 2.03351730e+002 1.06698425e+003 1.90409958e+002
  6.18763245e+002 3.20343445e+002 6.56485535e+002 3.12628754e+002
  6.96718262e+002 3.05265106e+002 7.39128601e+002 2.97096466e+002
  7.84832825e+002 2.89207306e+002 8.32860474e+002 2.79518829e+002
  8.83829590e+002 2.69610779e+002 9.39673889e+002 2.59604614e+002
  9.98609863e+002 2.48948669e+002 1.06170569e+003 2.37204788e+002
  6.00980042e+002 3.60360657e+002 6.39389282e+002 3.54229065e+002
  6.80168396e+002 3.47384521e+002 7.24062073e+002 3.40501587e+002
  7.70439331e+002 3.33256836e+002 8.19213074e+002 3.24483521e+002
  8.72041809e+002 3.15712830e+002 9.29315369e+002 3.07659088e+002
  9.90293640e+002 2.98327454e+002 1.05514832e+003 2.87561188e+002
  5.81545654e+002 4.03187836e+002 6.20684265e+002 3.97372955e+002
  6.62965210e+002 3.91953979e+002 7.07415771e+002 3.86241913e+002
  7.53571350e+002 3.79415070e+002 8.04569153e+002 3.71826447e+002
  8.59444824e+002 3.66369995e+002 9.18086670e+002 3.58660767e+002
  9.80571350e+002 3.50540588e+002 1.04848511e+003 3.41576050e+002
  5.60856995e+002 4.47983917e+002 6.01197998e+002 4.44368622e+002
  6.44759827e+002 4.40253906e+002 6.89721069e+002 4.35854980e+002
  7.38400208e+002 4.31170227e+002 7.89450989e+002 4.25520355e+002
  8.45574219e+002 4.20088562e+002 9.05992676e+002 4.14851227e+002
  9.71154907e+002 4.08643677e+002 1.04146826e+003 4.01784821e+002 540.
  4.97024902e+002 5.81280273e+002 4.94702881e+002 6.24752075e+002
  4.91598511e+002 6.71256104e+002 4.89360565e+002 7.20782288e+002
  4.85851868e+002 7.74050354e+002 4.82991089e+002 8.30606445e+002
  4.78815857e+002 8.93655884e+002 4.76124786e+002 9.61047729e+002
  4.72514191e+002 1.03381848e+003 4.68212158e+002 5.17644409e+002
  5.49042114e+002 5.60161438e+002 5.48687622e+002 6.04457825e+002
  5.47462463e+002 6.50726257e+002 5.46179810e+002 7.00807373e+002
  5.44958435e+002 7.56474121e+002 5.44377991e+002 8.15265076e+002
  5.43093750e+002 8.79561340e+002 5.42269104e+002 9.49624329e+002
  5.41325195e+002 1.02559705e+003 5.40419617e+002</camera>
<projector>
  3.71734314e+002 8.16067657e+001 4.33254822e+002 8.08617401e+001
  4.93286163e+002 7.84137726e+001 5.54197021e+002 7.71017303e+001
  6.18295715e+002 7.77389297e+001 6.78787354e+002 7.62654877e+001
  7.41893250e+002 7.50194702e+001 8.05349121e+002 7.32839813e+001
  8.68669067e+002 7.23715515e+001 9.32230225e+002 7.14165878e+001
  3.66275757e+002 1.30505310e+002 4.26592834e+002 1.29199158e+002
  4.90217102e+002 1.27673195e+002 5.51996399e+002 1.26585182e+002
  6.15591492e+002 1.26144020e+002 6.79100342e+002 1.24939827e+002
  7.42976501e+002 1.23820953e+002 8.07679138e+002 1.23140747e+002
  8.71944153e+002 1.22242096e+002 9.36322021e+002 1.21168533e+002
  3.59193970e+002 1.80012222e+002 4.21725433e+002 1.79337082e+002
  4.85276123e+002 1.77889633e+002 5.49684753e+002 1.78042892e+002
  6.13105713e+002 1.76451279e+002 6.77626709e+002 1.74160446e+002
  7.43238525e+002 1.73886826e+002 8.08338928e+002 1.74120789e+002
  8.73548157e+002 1.72993851e+002 9.39552368e+002 1.72682938e+002
  3.53254791e+002 2.32672256e+002 4.17017944e+002 2.30740036e+002
  4.82473938e+002 2.30631882e+002 5.45565369e+002 2.29253571e+002
  6.10716614e+002 2.27298859e+002 6.77634277e+002 2.25912048e+002
  7.42950562e+002 2.26243347e+002 8.09912720e+002 2.26285477e+002
  8.77159302e+002 2.25630463e+002 9.43050415e+002 2.24592163e+002
  3.46929413e+002 2.85543671e+002 4.11267731e+002 2.85033966e+002
  4.78264557e+002 2.84534149e+002 5.43707397e+002 2.84229492e+002
  6.09262573e+002 2.83094849e+002 6.75671143e+002 2.82032257e+002
  7.44393799e+002 2.80786316e+002 8.10974609e+002 2.80850494e+002
  8.79355408e+002 2.80601196e+002 9.47168396e+002 2.79559174e+002
  3.40650635e+002 3.42297302e+002 4.06825958e+002 3.42347229e+002
  4.74114929e+002 3.41094879e+002 5.39627502e+002 3.40510529e+002
  6.08437439e+002 3.39915161e+002 6.75684692e+002 3.39530762e+002
  7.44567017e+002 3.38232574e+002 8.13134155e+002 3.38545441e+002
  8.81768433e+002 3.38463074e+002 9.51456787e+002 3.37747284e+002
  3.33964081e+002 4.00447235e+002 4.02153412e+002 4.00752258e+002
  4.69540863e+002 3.99364532e+002 5.37497070e+002 3.98765381e+002
  6.05539856e+002 3.98247284e+002 6.73993164e+002 3.97818634e+002
  7.43898499e+002 3.97530731e+002 8.14461975e+002 3.97395020e+002
  8.84966614e+002 3.97358917e+002 9.55435974e+002 3.97253906e+002</projector>
</opencv_storage>
