<?xml version="1.0"?>
<opencv_storage>
<world>
  0. 0. 0. 48. 0. 0. 96. 0. 0. 144. 0. 0. 192. 0. 0. 240. 0. 0. 288. 0.
  0. 336. 0. 0. 384. 0. 0. 432. 0. 0. 0. 48. 0. 48. 48. 0. 96. 48. 0.
  144. 48. 0. 192. 48. 0. 240. 48. 0. 288. 48. 0. 336. 48. 0. 384. 48.
  0. 432. 48. 0. 0. 96. 0. 48. 96. 0. 96. 96. 0. 144. 96. 0. 192. 96. 0.
  240. 96. 0. 288. 96. 0. 336. 96. 0. 384. 96. 0. 432. 96. 0. 0. 144. 0.
  48. 144. 0. 96. 144. 0. 144. 144. 0. 192. 144. 0. 240. 144. 0. 288.
  144. 0. 336. 144. 0. 384. 144. 0. 432. 144. 0. 0. 192. 0. 48. 192. 0.
  96. 192. 0. 144. 192. 0. 192. 192. 0. 240. 192. 0. 288. 192. 0. 336.
  192. 0. 384. 192. 0. 432. 192. 0. 0. 240. 0. 48. 240. 0. 96. 240. 0.
  144. 240. 0. 192. 240. 0. 240. 240. 0. 288. 240. 0. 336. 240. 0. 384.
  240. 0. 432. 240. 0. 0. 288. 0. 48. 288. 0. 96. 288. 0. 144. 288. 0.
  192. 288. 0. 240. 288. 0. 288. 288. 0. 336. 288. 0. 384. 288. 0. 432.
  288. 0.</world>
<camera>
  5.94735229e+002 4.88107605e+002 6.32455872e+002 4.85431549e+002
  6.72263062e+002 4.82665131e+002 7.14752441e+002 4.79565430e+002
  7.61107422e+002 4.77062805e+002 8.09747192e+002 4.73984741e+002
  8.61251953e+002 4.70058777e+002 9.17480408e+002 4.66472534e+002
  9.77030090e+002 4.62712067e+002 1.04104126e+003 4.58431030e+002
  5.73416748e+002 5.33145874e+002 6.11553467e+002 5.31611633e+002
  6.52506714e+002 5.30657410e+002 6.96128662e+002 5.28937500e+002
  7.43406555e+002 5.27816406e+002 7.92933899e+002 5.25616882e+002
  8.46057739e+002 5.23639038e+002 9.04320801e+002 5.22193909e+002
  9.66321472e+002 5.20560547e+002 1.03294275e+003 5.18420837e+002
  5.50696411e+002 5.81434937e+002 5.89506958e+002 5.81667480e+002
  6.31077454e+002 5.81930420e+002 6.76121582e+002 5.82242859e+002
  7.24268616e+002 5.82622742e+002 7.74815674e+002 5.82075684e+002
  8.29674133e+002 5.82091797e+002 8.90124390e+002 5.82899536e+002
  9.54488586e+002 5.83678162e+002 1.02358319e+003 5.84067749e+002
  5.25846985e+002 6.33218323e+002 5.65339844e+002 6.34937439e+002
  6.08405273e+002 6.36796631e+002 6.54088623e+002 6.38928528e+002
  7.02255371e+002 6.40802246e+002 7.54544373e+002 6.42766357e+002
  8.12529236e+002 6.46432495e+002 8.74081970e+002 6.49181213e+002
  9.40714294e+002 6.52550964e+002 1.01321490e+003 6.56244263e+002
  4.99417084e+002 6.88353577e+002 5.40113525e+002 6.92668884e+002
  5.84307312e+002 6.96867920e+002 6.30495911e+002 7.00992493e+002
  6.80595642e+002 7.05858643e+002 7.34017761e+002 7.10670715e+002
  7.92610168e+002 7.16299438e+002 8.57142212e+002 7.22804016e+002
  9.26450439e+002 7.29650452e+002 1.00251825e+003 7.37040710e+002
  4.72531067e+002 7.48521606e+002 5.13992554e+002 7.54945190e+002
  5.57961975e+002 7.61521057e+002 6.05353149e+002 7.69032104e+002
  6.56225769e+002 7.76740295e+002 7.11688477e+002 7.85274475e+002
  7.71346375e+002 7.94233276e+002 8.38426697e+002 8.04252136e+002
  9.11414307e+002 8.15545105e+002 9.90582947e+002 8.27644775e+002
  4.44531158e+002 8.12419250e+002 4.86575653e+002 8.21972656e+002
  5.31125549e+002 8.31670471e+002 5.77567505e+002 8.42063721e+002
  6.29021606e+002 8.53466125e+002 6.86915894e+002 8.66143311e+002
  7.48892700e+002 8.79596436e+002 8.17725647e+002 8.94553528e+002
  8.93439148e+002 9.10768921e+002 9.76859985e+002 9.28542236e+002</camera>
<projector>
  3.47022888e+002 3.41957428e+002 4.07584351e+002 3.40643463e+002
  4.70381592e+002 3.40595734e+002 5.33715393e+002 3.40005463e+002
  5.96536499e+002 3.39004303e+002 6.60405029e+002 3.38586609e+002
  7.23562134e+002 3.37561066e+002 7.88443542e+002 3.36320679e+002
  8.53808594e+002 3.36639526e+002 9.18388672e+002 3.35297485e+002
  3.38543640e+002 3.94032471e+002 4.02373322e+002 3.93623627e+002
  4.66168976e+002 3.93155945e+002 5.29296326e+002 3.92012848e+002
  5.93609070e+002 3.92323090e+002 6.59035461e+002 3.90963226e+002
  7.23914307e+002 3.90117035e+002 7.89886047e+002 3.89529938e+002
  8.56055237e+002 3.90002319e+002 9.22336426e+002 3.88800781e+002
  3.31443207e+002 4.47796722e+002 3.96292908e+002 4.48205566e+002
  4.60203186e+002 4.47365753e+002 5.25320496e+002 4.46970215e+002
  5.91298950e+002 4.46985291e+002 6.57770569e+002 4.45326965e+002
  7.24623230e+002 4.44468872e+002 7.91144043e+002 4.44946991e+002
  8.58251038e+002 4.45293854e+002 9.26671631e+002 4.44360413e+002
  3.22516815e+002 5.04574951e+002 3.88035675e+002 5.04057983e+002
  4.54162933e+002 5.03489716e+002 5.21518250e+002 5.03111084e+002
  5.87438721e+002 5.02505707e+002 6.55904846e+002 5.01798096e+002
  7.24482300e+002 5.01712830e+002 7.92426208e+002 5.01679993e+002
  8.61671387e+002 5.01952667e+002 9.29939819e+002 5.01499054e+002
  3.13692719e+002 5.62261047e+002 3.81902832e+002 5.63277222e+002
  4.49698669e+002 5.62870789e+002 5.16273987e+002 5.62252197e+002
  5.86219727e+002 5.62459290e+002 6.54570374e+002 5.61887207e+002
  7.24028137e+002 5.61325134e+002 7.93590881e+002 5.62087402e+002
  8.63592102e+002 5.62368164e+002 9.35181641e+002 5.61874207e+002
  3.07300690e+002 6.24784241e+002 3.75333344e+002 6.24695313e+002
  4.44667267e+002 6.24665466e+002 5.12851318e+002 6.24658264e+002
  5.82640564e+002 6.24811157e+002 6.53490356e+002 6.24449829e+002
  7.23135132e+002 6.23987549e+002 7.94472534e+002 6.24746643e+002
  8.66678162e+002 6.25867004e+002 9.39165833e+002 6.25853638e+002
  2.98034058e+002 6.87943665e+002 3.69579315e+002 6.89139526e+002
  4.39076874e+002 6.89238403e+002 5.08225525e+002 6.88710083e+002
  5.79070923e+002 6.88593994e+002 6.51514587e+002 6.89478577e+002
  7.23620300e+002 6.90177002e+002 7.96660889e+002 6.90848938e+002
  8.68984497e+002 6.91529114e+002 9.43239929e+002 6.92088196e+002</projector>
</opencv_storage>
