<?xml version="1.0"?>
<opencv_storage>
<world>
  0. 0. 0. 48. 0. 0. 96. 0. 0. 144. 0. 0. 192. 0. 0. 240. 0. 0. 288. 0.
  0. 336. 0. 0. 384. 0. 0. 432. 0. 0. 0. 48. 0. 48. 48. 0. 96. 48. 0.
  144. 48. 0. 192. 48. 0. 240. 48. 0. 288. 48. 0. 336. 48. 0. 384. 48.
  0. 432. 48. 0. 0. 96. 0. 48. 96. 0. 96. 96. 0. 144. 96. 0. 192. 96. 0.
  240. 96. 0. 288. 96. 0. 336. 96. 0. 384. 96. 0. 432. 96. 0. 0. 144. 0.
  48. 144. 0. 96. 144. 0. 144. 144. 0. 192. 144. 0. 240. 144. 0. 288.
  144. 0. 336. 144. 0. 384. 144. 0. 432. 144. 0. 0. 192. 0. 48. 192. 0.
  96. 192. 0. 144. 192. 0. 192. 192. 0. 240. 192. 0. 288. 192. 0. 336.
  192. 0. 384. 192. 0. 432. 192. 0. 0. 240. 0. 48. 240. 0. 96. 240. 0.
  144. 240. 0. 192. 240. 0. 240. 240. 0. 288. 240. 0. 336. 240. 0. 384.
  240. 0. 432. 240. 0. 0. 288. 0. 48. 288. 0. 96. 288. 0. 144. 288. 0.
  192. 288. 0. 240. 288. 0. 288. 288. 0. 336. 288. 0. 384. 288. 0. 432.
  288. 0.</world>
<camera>
  7.31563904e+002 4.68826294e+002 7.76613586e+002 4.65350769e+002
  8.24874756e+002 4.61484344e+002 8.76085815e+002 4.57638123e+002
  9.31969177e+002 4.54018036e+002 9.90968201e+002 4.49719208e+002
  1.05447437e+003 4.44214996e+002 1.12424744e+003 4.39268402e+002
  1.19877075e+003 4.33509857e+002 1.27972278e+003 4.27803772e+002
  7.16713867e+002 5.18858276e+002 7.62616272e+002 5.17056152e+002
  8.12222107e+002 5.15088257e+002 8.64793213e+002 5.12785828e+002
  9.22193054e+002 5.11077545e+002 9.82743286e+002 5.07966522e+002
  1.04856702e+003 5.05126434e+002 1.12064673e+003 5.02492096e+002
  1.19823486e+003 4.99887085e+002 1.28309412e+003 4.96591492e+002
  7.00502686e+002 5.72604858e+002 7.47745728e+002 5.72524536e+002
  7.98272949e+002 5.72249939e+002 8.52959900e+002 5.72263733e+002
  9.11574524e+002 5.72118103e+002 9.74031921e+002 5.71276245e+002
  1.04212659e+003 5.70778625e+002 1.11715552e+003 5.71264526e+002
  1.19792908e+003 5.71532410e+002 1.28646570e+003 5.71240479e+002
  6.83129395e+002 6.29762878e+002 7.31454895e+002 6.31179199e+002
  7.83886108e+002 6.32846252e+002 8.39546875e+002 6.35000854e+002
  8.99185913e+002 6.36775696e+002 9.64039734e+002 6.38961609e+002
  1.03541467e+003 6.42694214e+002 1.11279004e+003 6.45723694e+002
  1.19734998e+003 6.49222595e+002 1.29028784e+003 6.52951904e+002
  6.64365662e+002 6.90847839e+002 7.14640076e+002 6.94700989e+002
  7.68720459e+002 6.99154968e+002 8.25579285e+002 7.03501587e+002
  8.87479248e+002 7.08737000e+002 9.54412903e+002 7.14402771e+002
  1.02766406e+003 7.20564697e+002 1.10869458e+003 7.27890259e+002
  1.19686853e+003 7.35423706e+002 1.29411536e+003 7.44020386e+002
  6.45596375e+002 7.56704895e+002 6.96984314e+002 7.63435242e+002
  7.51728821e+002 7.70291138e+002 8.10374695e+002 7.77966125e+002
  8.74353027e+002 7.86561218e+002 9.43644836e+002 7.95964417e+002
  1.01973743e+003 8.06334595e+002 1.10393359e+003 8.17847900e+002
  1.19648718e+003 8.30708435e+002 1.29808997e+003 8.43876465e+002
  6.25489502e+002 8.27201782e+002 6.78420837e+002 8.36874634e+002
  7.34393738e+002 8.47271912e+002 7.93501282e+002 8.58519836e+002
  8.58806213e+002 8.70778503e+002 9.32192871e+002 8.84741272e+002
  1.01116254e+003 9.00092041e+002 1.09874023e+003 9.16818054e+002
  1.19541846e+003 9.34747192e+002 1.30137207e+003 9.53354187e+002</camera>
<projector>
  5.45631714e+002 3.29312164e+002 6.07856384e+002 3.27567352e+002
  6.70577087e+002 3.26212799e+002 7.33110901e+002 3.26257874e+002
  7.97386597e+002 3.25945770e+002 8.60982117e+002 3.25511139e+002
  9.25055847e+002 3.23523315e+002 9.90471680e+002 3.23056824e+002
  1.05593701e+003 3.22970184e+002 1.12104065e+003 3.22398682e+002
  5.42841187e+002 3.83654816e+002 6.06100342e+002 3.82957031e+002
  6.69375916e+002 3.82248810e+002 7.33885376e+002 3.81509796e+002
  7.98051392e+002 3.81248566e+002 8.63689026e+002 3.80090881e+002
  9.29339844e+002 3.79309540e+002 9.95102661e+002 3.78619873e+002
  1.06028088e+003 3.78825714e+002 1.12711292e+003 3.78693359e+002
  5.40081482e+002 4.40693970e+002 6.03967834e+002 4.40245148e+002
  6.68208740e+002 4.38974182e+002 7.33866882e+002 4.38691956e+002
  8.00221191e+002 4.38348541e+002 8.65758789e+002 4.36888458e+002
  9.32256042e+002 4.36557556e+002 9.99029175e+002 4.36513641e+002
  1.06621960e+003 4.36926300e+002 1.13313184e+003 4.35786407e+002
  5.35864197e+002 4.99034729e+002 6.00847290e+002 4.97797852e+002
  6.67684814e+002 4.97370728e+002 7.34339905e+002 4.97021912e+002
  8.00297852e+002 4.96323517e+002 8.67916260e+002 4.95334778e+002
  9.35048523e+002 4.96282257e+002 1.00371265e+003 4.95872559e+002
  1.07162952e+003 4.95309814e+002 1.14021265e+003 4.95337311e+002
  5.33117188e+002 5.58525085e+002 6.00627502e+002 5.58546997e+002
  6.67985718e+002 5.58114258e+002 7.34660278e+002 5.58395874e+002
  8.01453064e+002 5.57950867e+002 8.69821228e+002 5.56977722e+002
  9.39094055e+002 5.57439575e+002 1.00815198e+003 5.57548889e+002
  1.07751184e+003 5.56932373e+002 1.14699915e+003 5.57439819e+002
  5.31646179e+002 6.21576233e+002 5.98287537e+002 6.21115356e+002
  6.67225647e+002 6.20881042e+002 7.33554321e+002 6.21229553e+002
  8.02990112e+002 6.21400269e+002 8.72564026e+002 6.21091797e+002
  9.42624329e+002 6.20365967e+002 1.01225507e+003 6.21586853e+002
  1.08253613e+003 6.22185120e+002 1.15369775e+003 6.22042480e+002
  5.27308960e+002 6.85809875e+002 5.96772461e+002 6.86366821e+002
  6.65779175e+002 6.85883728e+002 7.34736877e+002 6.86335571e+002
  8.04122437e+002 6.86155518e+002 8.74686707e+002 6.86715393e+002
  9.45700256e+002 6.86887817e+002 1.01736420e+003 6.87583130e+002
  1.08850928e+003 6.88432739e+002 1.16042529e+003 6.88455872e+002</projector>
</opencv_storage>
