<?xml version="1.0"?>
<opencv_storage>
<world>
  0. 0. 0. 48. 0. 0. 96. 0. 0. 144. 0. 0. 192. 0. 0. 240. 0. 0. 288. 0.
  0. 336. 0. 0. 384. 0. 0. 432. 0. 0. 0. 48. 0. 48. 48. 0. 96. 48. 0.
  144. 48. 0. 192. 48. 0. 240. 48. 0. 288. 48. 0. 336. 48. 0. 384. 48.
  0. 432. 48. 0. 0. 96. 0. 48. 96. 0. 96. 96. 0. 144. 96. 0. 192. 96. 0.
  240. 96. 0. 288. 96. 0. 336. 96. 0. 384. 96. 0. 432. 96. 0. 0. 144. 0.
  48. 144. 0. 96. 144. 0. 144. 144. 0. 192. 144. 0. 240. 144. 0. 288.
  144. 0. 336. 144. 0. 384. 144. 0. 432. 144. 0. 0. 192. 0. 48. 192. 0.
  96. 192. 0. 144. 192. 0. 192. 192. 0. 240. 192. 0. 288. 192. 0. 336.
  192. 0. 384. 192. 0. 432. 192. 0. 0. 240. 0. 48. 240. 0. 96. 240. 0.
  144. 240. 0. 192. 240. 0. 240. 240. 0. 288. 240. 0. 336. 240. 0. 384.
  240. 0. 432. 240. 0. 0. 288. 0. 48. 288. 0. 96. 288. 0. 144. 288. 0.
  192. 288. 0. 240. 288. 0. 288. 288. 0. 336. 288. 0. 384. 288. 0. 432.
  288. 0.</world>
<camera>
  3.62226837e+002 4.38319519e+002 3.94268921e+002 4.33904694e+002
  4.29220642e+002 4.28719421e+002 4.66987122e+002 4.23705292e+002
  5.09698853e+002 4.18048004e+002 5.54697449e+002 4.12113007e+002
  6.02896423e+002 4.05434326e+002 6.56920044e+002 3.98488159e+002
  7.15006714e+002 3.91529480e+002 7.77670654e+002 3.83946533e+002
  3.52074829e+002 4.93666992e+002 3.84020569e+002 4.91077881e+002
  4.19369141e+002 4.88320984e+002 4.57383636e+002 4.85061584e+002
  4.99820679e+002 4.81885803e+002 5.44213562e+002 4.77866241e+002
  5.93358704e+002 4.74174805e+002 6.48277161e+002 4.70216125e+002
  7.07309204e+002 4.66200867e+002 7.71005798e+002 4.61375946e+002
  3.41963104e+002 5.50469116e+002 3.74236359e+002 5.49871948e+002
  4.09087097e+002 5.48979492e+002 4.47802979e+002 5.48637207e+002
  4.89603333e+002 5.47382874e+002 5.33831299e+002 5.46320007e+002
  5.83440491e+002 5.45129150e+002 6.39463806e+002 5.44363403e+002
  6.99569275e+002 5.43314514e+002 7.63426514e+002 5.42080139e+002
  3.31466339e+002 6.08922668e+002 3.63569183e+002 6.09993042e+002
  3.99291168e+002 6.11186096e+002 4.37416901e+002 6.12833435e+002
  4.77814240e+002 6.14800293e+002 5.22777100e+002 6.16541138e+002
  5.75100342e+002 6.18659058e+002 6.29829041e+002 6.20862183e+002
  6.89395508e+002 6.23179993e+002 7.55331909e+002 6.25784241e+002
  3.21239258e+002 6.68255188e+002 3.53900116e+002 6.72059082e+002
  3.90114349e+002 6.75717834e+002 4.27863739e+002 6.79806213e+002
  4.69700500e+002 6.84291321e+002 5.14275513e+002 6.89314575e+002
  5.64699280e+002 6.94869995e+002 6.20904419e+002 7.00549866e+002
  6.81363647e+002 7.06467957e+002 7.47791016e+002 7.13055054e+002
  3.12833588e+002 7.29348083e+002 3.45619751e+002 7.35190613e+002
  3.80491241e+002 7.41672302e+002 4.19266388e+002 7.48325378e+002
  4.60484009e+002 7.56238770e+002 5.06255829e+002 7.64442749e+002
  5.55213440e+002 7.73510925e+002 6.12384705e+002 7.82561646e+002
  6.73876221e+002 7.92646606e+002 7.40323486e+002 8.03766907e+002
  3.04645782e+002 7.91137146e+002 3.38076294e+002 7.99572388e+002
  3.72932281e+002 8.08532288e+002 4.09548431e+002 8.18452759e+002
  4.50595764e+002 8.29431946e+002 4.97602753e+002 8.40957092e+002
  5.47716980e+002 8.53895081e+002 6.03384705e+002 8.67303650e+002
  6.65634521e+002 8.81569031e+002 7.33661621e+002 8.97462280e+002</camera>
<projector>
  1.05065247e+002 2.45789108e+002 1.75326141e+002 2.45219849e+002
  2.45417175e+002 2.43843140e+002 3.16113403e+002 2.43119827e+002
  3.89030151e+002 2.41630142e+002 4.60949280e+002 2.40468002e+002
  5.32874512e+002 2.38764084e+002 6.06823608e+002 2.37520233e+002
  6.80717529e+002 2.37958359e+002 7.54953918e+002 2.37071686e+002
  1.03050430e+002 3.17190582e+002 1.72737671e+002 3.15721375e+002
  2.43101593e+002 3.14741638e+002 3.13983307e+002 3.13731659e+002
  3.87278778e+002 3.13619873e+002 4.58440369e+002 3.11951904e+002
  5.31328918e+002 3.10970917e+002 6.05236023e+002 3.10386108e+002
  6.79297241e+002 3.09893951e+002 7.53982666e+002 3.08967407e+002
  9.93707962e+001 3.87356689e+002 1.69532532e+002 3.87476624e+002
  2.40459305e+002 3.86329346e+002 3.13091522e+002 3.86604736e+002
  3.85496460e+002 3.84604034e+002 4.57595032e+002 3.83888641e+002
  5.29784180e+002 3.83194397e+002 6.04050720e+002 3.83213959e+002
  6.79567261e+002 3.83037292e+002 7.52978882e+002 3.82564178e+002
  9.47178268e+001 4.60068878e+002 1.67970840e+002 4.58735565e+002
  2.38627228e+002 4.57807007e+002 3.09715973e+002 4.57722839e+002
  3.81892395e+002 4.57326477e+002 4.55191162e+002 4.56884857e+002
  5.29829651e+002 4.57072052e+002 6.03851013e+002 4.56440216e+002
  6.77266724e+002 4.56125702e+002 7.52662842e+002 4.56412872e+002
  9.34810333e+001 5.31141174e+002 1.65578003e+002 5.31371155e+002
  2.37735474e+002 5.31146790e+002 3.08793884e+002 5.30691284e+002
  3.81393951e+002 5.30156433e+002 4.53625824e+002 5.29791443e+002
  5.28561035e+002 5.30364563e+002 6.02546814e+002 5.30991882e+002
  6.76773376e+002 5.30077332e+002 7.52695862e+002 5.30442078e+002
  9.34525604e+001 6.04090393e+002 1.64676971e+002 6.03879089e+002
  2.34285767e+002 6.04370605e+002 3.06776489e+002 6.03868896e+002
  3.78937805e+002 6.04089172e+002 4.52688110e+002 6.04119995e+002
  5.26788086e+002 6.05226257e+002 6.01356934e+002 6.05419617e+002
  6.76507935e+002 6.05617432e+002 7.51257507e+002 6.06021118e+002
  9.14955368e+001 6.77506958e+002 1.62828857e+002 6.77922729e+002
  2.35370377e+002 6.77995728e+002 3.05536713e+002 6.77239685e+002
  3.78705231e+002 6.77710144e+002 4.52385254e+002 6.78848877e+002
  5.26421082e+002 6.79688110e+002 5.99898743e+002 6.80164368e+002
  6.76035522e+002 6.81009216e+002 7.51721619e+002 6.80873169e+002</projector>
</opencv_storage>
