<?xml version="1.0"?>
<opencv_storage>
<world>
  0. 0. 0. 48. 0. 0. 96. 0. 0. 144. 0. 0. 192. 0. 0. 240. 0. 0. 288. 0.
  0. 336. 0. 0. 384. 0. 0. 432. 0. 0. 0. 48. 0. 48. 48. 0. 96. 48. 0.
  144. 48. 0. 192. 48. 0. 240. 48. 0. 288. 48. 0. 336. 48. 0. 384. 48.
  0. 432. 48. 0. 0. 96. 0. 48. 96. 0. 96. 96. 0. 144. 96. 0. 192. 96. 0.
  240. 96. 0. 288. 96. 0. 336. 96. 0. 384. 96. 0. 432. 96. 0. 0. 144. 0.
  48. 144. 0. 96. 144. 0. 144. 144. 0. 192. 144. 0. 240. 144. 0. 288.
  144. 0. 336. 144. 0. 384. 144. 0. 432. 144. 0. 0. 192. 0. 48. 192. 0.
  96. 192. 0. 144. 192. 0. 192. 192. 0. 240. 192. 0. 288. 192. 0. 336.
  192. 0. 384. 192. 0. 432. 192. 0. 0. 240. 0. 48. 240. 0. 96. 240. 0.
  144. 240. 0. 192. 240. 0. 240. 240. 0. 288. 240. 0. 336. 240. 0. 384.
  240. 0. 432. 240. 0. 0. 288. 0. 48. 288. 0. 96. 288. 0. 144. 288. 0.
  192. 288. 0. 240. 288. 0. 288. 288. 0. 336. 288. 0. 384. 288. 0. 432.
  288. 0.</world>
<camera>
  6.02561829e+002 4.65222931e+002 6.30041199e+002 4.60219879e+002
  6.59559692e+002 4.55185089e+002 6.92175842e+002 4.49371643e+002
  7.28869873e+002 4.43477325e+002 7.68194336e+002 4.36607025e+002
  8.10850525e+002 4.28770569e+002 8.59524475e+002 4.20486481e+002
  9.13101257e+002 4.11397827e+002 9.72717896e+002 4.01149475e+002
  5.92789124e+002 5.12685242e+002 6.19961182e+002 5.09749237e+002
  6.50148987e+002 5.06592621e+002 6.82678040e+002 5.03271210e+002
  7.19353577e+002 4.99693359e+002 7.58301147e+002 4.95127808e+002
  8.01468750e+002 4.90409210e+002 8.50966675e+002 4.85352600e+002
  9.05423401e+002 4.80148376e+002 9.65970337e+002 4.73745972e+002
  5.82564392e+002 5.61828308e+002 6.10137512e+002 5.60852844e+002
  6.39899475e+002 5.60211426e+002 6.73127502e+002 5.59005127e+002
  7.09394409e+002 5.57580078e+002 7.48110779e+002 5.56108887e+002
  7.91710693e+002 5.54550415e+002 8.42126099e+002 5.53066162e+002
  8.97475159e+002 5.51494873e+002 9.58506348e+002 5.49598572e+002
  5.71632080e+002 6.12727722e+002 5.99057739e+002 6.13397095e+002
  6.29613953e+002 6.14600830e+002 6.62635559e+002 6.16029053e+002
  6.97657776e+002 6.17426514e+002 7.36792480e+002 6.18984924e+002
  7.82795959e+002 6.21316406e+002 8.32241516e+002 6.23539246e+002
  8.87555603e+002 6.26361511e+002 9.50400269e+002 6.28909790e+002
  5.60417053e+002 6.64559570e+002 5.88505005e+002 6.67947144e+002
  6.19432922e+002 6.71733887e+002 6.52317261e+002 6.75429382e+002
  6.88236145e+002 6.80094299e+002 7.27449768e+002 6.85202881e+002
  7.72205688e+002 6.91133118e+002 8.22928040e+002 6.97499512e+002
  8.78867432e+002 7.04953064e+002 9.42678223e+002 7.13205627e+002
  5.50371887e+002 7.18448059e+002 5.78424805e+002 7.24332092e+002
  6.08379272e+002 7.30459656e+002 6.41548950e+002 7.37422546e+002
  6.77761658e+002 7.45332458e+002 7.17810730e+002 7.54156555e+002
  7.61565369e+002 7.64196716e+002 8.13170593e+002 7.75091003e+002
  8.70872864e+002 7.87393677e+002 9.35061157e+002 8.01641235e+002
  5.39964478e+002 7.73833130e+002 5.68528198e+002 7.82150818e+002
  5.98444092e+002 7.91331482e+002 6.30359009e+002 8.01323059e+002
  6.65907532e+002 8.13038025e+002 7.07280823e+002 8.25504944e+002
  7.51970581e+002 8.39843628e+002 8.03123840e+002 8.55944763e+002
  8.61357971e+002 8.73818237e+002 9.27304443e+002 8.94609131e+002</camera>
<projector>
  3.32295654e+002 3.15663239e+002 3.87306610e+002 3.10843689e+002
  4.45431152e+002 3.06778107e+002 5.03103088e+002 3.01760468e+002
  5.65364868e+002 2.97781952e+002 6.27149231e+002 2.93459076e+002
  6.91182556e+002 2.87998779e+002 7.58040222e+002 2.82356445e+002
  8.25190491e+002 2.77415802e+002 8.94374146e+002 2.72728546e+002
  3.27819366e+002 3.75312897e+002 3.83393097e+002 3.71434753e+002
  4.41481506e+002 3.67908020e+002 5.01060303e+002 3.63414001e+002
  5.61564453e+002 3.60423309e+002 6.24182617e+002 3.55348419e+002
  6.87828552e+002 3.50749237e+002 7.55628418e+002 3.46621643e+002
  8.23143982e+002 3.43100861e+002 8.93091431e+002 3.39088318e+002
  3.22920380e+002 4.35232666e+002 3.79089569e+002 4.32062958e+002
  4.37890137e+002 4.28828003e+002 4.97321472e+002 4.26083191e+002
  5.58579651e+002 4.22898621e+002 6.21301208e+002 4.18732086e+002
  6.86769043e+002 4.15833588e+002 7.53208008e+002 4.12188782e+002
  8.21383301e+002 4.08738831e+002 8.92397278e+002 4.05824707e+002
  3.18400269e+002 4.96524536e+002 3.74411285e+002 4.92505646e+002
  4.35295868e+002 4.91054993e+002 4.94510284e+002 4.88163635e+002
  5.55177917e+002 4.85043030e+002 6.18582153e+002 4.82445435e+002
  6.84696533e+002 4.80221161e+002 7.51017029e+002 4.78572174e+002
  8.20397766e+002 4.75442719e+002 8.90053955e+002 4.73149780e+002
  3.11731140e+002 5.57660583e+002 3.71946564e+002 5.55079956e+002
  4.29784241e+002 5.54104736e+002 4.90248291e+002 5.51065430e+002
  5.52707458e+002 5.49718872e+002 6.15128845e+002 5.48059326e+002
  6.81537781e+002 5.46657837e+002 7.49321777e+002 5.44785156e+002
  8.18588928e+002 5.43756409e+002 8.89885010e+002 5.41817505e+002
  3.09438995e+002 6.18759399e+002 3.67038879e+002 6.17955811e+002
  4.26369232e+002 6.16755127e+002 4.88100555e+002 6.15882263e+002
  5.49956238e+002 6.15152832e+002 6.13845398e+002 6.14651062e+002
  6.79471680e+002 6.13604065e+002 7.46911560e+002 6.13480591e+002
  8.17151672e+002 6.12422424e+002 8.88350281e+002 6.12483154e+002
  3.05527222e+002 6.82372131e+002 3.66890381e+002 6.81373291e+002
  4.23887665e+002 6.81386536e+002 4.82722687e+002 6.80960205e+002
  5.46297729e+002 6.81641418e+002 6.10563904e+002 6.82231567e+002
  6.77031860e+002 6.82136230e+002 7.45001953e+002 6.82490723e+002
  8.15048157e+002 6.82911560e+002 8.86996765e+002 6.83582703e+002</projector>
</opencv_storage>
