<?xml version="1.0"?>
<opencv_storage>
<world>
  0. 0. 0. 48. 0. 0. 96. 0. 0. 144. 0. 0. 192. 0. 0. 240. 0. 0. 288. 0.
  0. 336. 0. 0. 384. 0. 0. 432. 0. 0. 0. 48. 0. 48. 48. 0. 96. 48. 0.
  144. 48. 0. 192. 48. 0. 240. 48. 0. 288. 48. 0. 336. 48. 0. 384. 48.
  0. 432. 48. 0. 0. 96. 0. 48. 96. 0. 96. 96. 0. 144. 96. 0. 192. 96. 0.
  240. 96. 0. 288. 96. 0. 336. 96. 0. 384. 96. 0. 432. 96. 0. 0. 144. 0.
  48. 144. 0. 96. 144. 0. 144. 144. 0. 192. 144. 0. 240. 144. 0. 288.
  144. 0. 336. 144. 0. 384. 144. 0. 432. 144. 0. 0. 192. 0. 48. 192. 0.
  96. 192. 0. 144. 192. 0. 192. 192. 0. 240. 192. 0. 288. 192. 0. 336.
  192. 0. 384. 192. 0. 432. 192. 0. 0. 240. 0. 48. 240. 0. 96. 240. 0.
  144. 240. 0. 192. 240. 0. 240. 240. 0. 288. 240. 0. 336. 240. 0. 384.
  240. 0. 432. 240. 0. 0. 288. 0. 48. 288. 0. 96. 288. 0. 144. 288. 0.
  192. 288. 0. 240. 288. 0. 288. 288. 0. 336. 288. 0. 384. 288. 0. 432.
  288. 0.</world>
<camera>
  5.10194092e+002 3.11624603e+002 5.40341797e+002 3.05027161e+002
  5.72307312e+002 2.97390228e+002 6.06486084e+002 2.89821106e+002
  6.43160645e+002 2.82893890e+002 6.81600342e+002 2.74792816e+002
  7.21533630e+002 2.65787567e+002 7.64880920e+002 2.56927216e+002
  8.10601563e+002 2.47354614e+002 8.58653198e+002 2.37268738e+002
  4.90356354e+002 3.45964905e+002 5.20579163e+002 3.39677155e+002
  5.53316528e+002 3.33418945e+002 5.87530457e+002 3.26647217e+002
  6.25019714e+002 3.20223114e+002 6.63489075e+002 3.12399261e+002
  7.04618103e+002 3.04206573e+002 7.49283997e+002 2.96491913e+002
  7.96154724e+002 2.88226227e+002 8.45843384e+002 2.79060974e+002
  4.69064056e+002 3.82344452e+002 4.99753357e+002 3.77427155e+002
  5.32489014e+002 3.71495209e+002 5.67781921e+002 3.66029572e+002
  6.05396423e+002 3.59846863e+002 6.44395813e+002 3.52557800e+002
  6.86478577e+002 3.45554382e+002 7.32372559e+002 3.39321198e+002
  7.80682678e+002 3.32197296e+002 8.31168762e+002 3.23744141e+002
  4.46133057e+002 4.21265594e+002 4.77351715e+002 4.16211304e+002
  5.11043060e+002 4.12117218e+002 5.46834534e+002 4.06836487e+002
  5.83452209e+002 4.01191956e+002 6.23742981e+002 3.95050110e+002
  6.67920227e+002 3.90596588e+002 7.14123962e+002 3.84728760e+002
  7.63010254e+002 3.78219543e+002 8.15739197e+002 3.71491302e+002
  4.22094513e+002 4.61437408e+002 4.54082489e+002 4.58423218e+002
  4.88731445e+002 4.55184296e+002 5.24414551e+002 4.51422058e+002
  5.62822693e+002 4.47388428e+002 6.02829773e+002 4.42640320e+002
  6.47145386e+002 4.38562927e+002 6.94832825e+002 4.34471771e+002
  7.45283264e+002 4.29553345e+002 7.99193604e+002 4.24412842e+002
  3.98014679e+002 5.05484100e+002 4.30412262e+002 5.03323730e+002
  4.64383759e+002 5.01166260e+002 5.00844299e+002 4.99272369e+002
  5.39426514e+002 4.96577209e+002 5.81056519e+002 4.94111755e+002
  6.24829224e+002 4.90679291e+002 6.74438721e+002 4.88627747e+002
  7.26327881e+002 4.85869232e+002 7.81997192e+002 4.82534790e+002
  3.72515472e+002 5.52237305e+002 4.05443146e+002 5.51825500e+002
  4.39547211e+002 5.50995544e+002 4.74983337e+002 5.50047424e+002
  5.13518005e+002 5.48846069e+002 5.56599976e+002 5.48701843e+002
  6.02166504e+002 5.47480286e+002 6.51649475e+002 5.46828003e+002
  7.05426086e+002 5.46512268e+002 7.62909912e+002 5.45601563e+002</camera>
<projector>
  1.47302521e+002 9.09277878e+001 2.07510925e+002 8.93707199e+001
  2.66376587e+002 8.64959335e+001 3.27515045e+002 8.56966095e+001
  3.89410797e+002 8.54546890e+001 4.51792328e+002 8.42930069e+001
  5.13924133e+002 8.26395569e+001 5.75573486e+002 8.17887192e+001
  6.38447327e+002 8.03511658e+001 7.00579163e+002 7.92210922e+001
  1.37061752e+002 1.36883118e+002 1.98946686e+002 1.35804138e+002
  2.58146484e+002 1.33389633e+002 3.21859467e+002 1.33529785e+002
  3.83493317e+002 1.32244522e+002 4.44296234e+002 1.30093033e+002
  5.08945374e+002 1.28725342e+002 5.71635864e+002 1.28037872e+002
  6.35600098e+002 1.27615501e+002 7.00052429e+002 1.27402214e+002
  1.26270447e+002 1.84991684e+002 1.88227432e+002 1.84295593e+002
  2.49212173e+002 1.82315903e+002 3.13358185e+002 1.82172195e+002
  3.76225952e+002 1.81423706e+002 4.39697601e+002 1.79461441e+002
  5.04016327e+002 1.78428192e+002 5.68666565e+002 1.77675522e+002
  6.34445984e+002 1.77634293e+002 6.98935913e+002 1.76610153e+002
  1.13418182e+002 2.36138992e+002 1.75815048e+002 2.34069244e+002
  2.41134460e+002 2.33831223e+002 3.05753845e+002 2.32978149e+002
  3.67822357e+002 2.30717850e+002 4.34610229e+002 2.28903870e+002
  5.01495239e+002 2.29984039e+002 5.66527466e+002 2.29085541e+002
  6.31999390e+002 2.27369339e+002 6.98741211e+002 2.26487411e+002
  1.01833252e+002 2.86377197e+002 1.66252396e+002 2.86713348e+002
  2.33320724e+002 2.86572998e+002 2.97001190e+002 2.85228973e+002
  3.63506744e+002 2.84162048e+002 4.29969910e+002 2.83464935e+002
  4.96528168e+002 2.82950165e+002 5.63436584e+002 2.81899902e+002
  6.30320862e+002 2.82204346e+002 6.98051331e+002 2.80489502e+002
  9.11847839e+001 3.42472168e+002 1.56739288e+002 3.41519714e+002
  2.23010010e+002 3.41419373e+002 2.89636780e+002 3.41062317e+002
  3.56987915e+002 3.40857147e+002 4.23711853e+002 3.39568665e+002
  4.92090302e+002 3.38556274e+002 5.59948853e+002 3.39068817e+002
  6.28603333e+002 3.38526215e+002 6.98267517e+002 3.38260651e+002
  7.95063629e+001 3.99748047e+002 1.46735275e+002 4.00068451e+002
  2.15591049e+002 3.99482605e+002 2.80990601e+002 3.98063446e+002
  3.49351501e+002 3.97049561e+002 4.18691559e+002 3.97646576e+002
  4.86791443e+002 3.95997192e+002 5.57794861e+002 3.96789886e+002
  6.26728088e+002 3.97425659e+002 6.97706787e+002 3.97007019e+002</projector>
</opencv_storage>
